pers_n,koord_wgs84_e,koord_wgs84_n
43,47.39912006475667,8.394395401185996
122,47.401818120103705,8.394443798995539
15,47.39729942403158,8.397012185372182
94,47.40450521133907,8.395816904331245
196,47.40630391172457,8.395849220311508
149,47.40448324212841,8.398466307895978
36,47.409890331306144,8.397238695184974
8,47.418883805647276,8.39740055374414
0,47.41979413178621,8.396091660023961
4,47.41977215632864,8.398741824664993
39,47.42876560025937,8.398903967563424
81,47.39726640625491,8.400985751246505
131,47.39997548204598,8.399709892845296
66,47.424246843458064,8.401473275610652
13,47.453925052875775,8.402010125690463
24,47.39185925594952,8.402212692495517
21,47.39273649256293,8.404877770747282
0,47.3972553699435,8.402310272104616
45,47.399953423509665,8.40235906935075
159,47.40714822178248,8.402489219602472
214,47.40892479577725,8.405171384540663
5,47.41163390790328,8.403895459791093
104,47.42333645763719,8.4027821867713
34,47.422426056724944,8.40409105314403
51,47.42331432870618,8.405432525042363
4,47.44580891662339,8.404515111957593
45,47.44579783992555,8.405840840901886
0,47.405294105960984,8.409080281624774
76,47.421504553827255,8.406724998249532
83,47.44577564091001,8.408492297126173
105,47.42057185830453,8.410683951584167
138,47.42147120194377,8.410700365477382
44,47.42237054532269,8.41071677992728
35,47.42595676760397,8.412107676561916
24,47.426856109491304,8.412124116192121
34,47.39084871701999,8.415440043453282
87,47.397144171220646,8.41555545024126
131,47.39894287013438,8.415588428638353
85,47.413332424596106,8.415852336319613
113,47.41423176956306,8.415868835303447
23,47.42234823436192,8.413367066748881
54,47.421437713262875,8.41467572769508
22,47.42232586260139,8.416017351337546
22,47.38993816347204,8.416747894807894
55,47.390826297585306,8.418088759233543
4,47.391725648571,8.41810528897477
92,47.396222399698374,8.418187946084029
130,47.39712174916209,8.418204479186729
84,47.3980098643651,8.419545548854288
156,47.41061196046269,8.418452542988573
118,47.41152252745661,8.417144212825628
49,47.41960540249148,8.41861798895566
5,47.35123214331323,8.420008751465941
82,47.380910944035286,8.420555190615984
89,47.379989053963634,8.423186797493566
59,47.38269838935235,8.42191248243641
107,47.386295798603776,8.4219788529315
41,47.39169190492243,8.42207842554204
0,47.39437867583661,8.423452664275782
0,47.40067411502881,8.423569026330249
0,47.44743983797491,8.424434295361818
33,47.381776468839924,8.424544154138793
119,47.38446321864189,8.42591826133282
7,47.39256868299173,8.42474382258058
27,47.395255421440076,8.426118218456656
5,47.402450203006794,8.426251568389798
13,47.41953774340922,8.426568419461423
0,47.44023385388919,8.425626663770391
29,47.45372386284385,8.425876812792696
0,47.36644213255047,8.429556428560527
132,47.38265319269984,8.427209095459213
85,47.38355254463417,8.427225776678357
82,47.38445189631733,8.427242458462668
35,47.384429206100734,8.429890851025991
31,47.38622790795412,8.429924305736073
28,47.3889486509579,8.427325875863001
26,47.39164670071413,8.427375933087387
129,47.395244096843946,8.427442683969959
0,47.40152818916672,8.428884141346256
13,47.42040304975649,8.43056037628671
9,47.44829385913208,8.429754097865038
4,47.355638479071295,8.430679364061374
43,47.38441783820879,8.431215046457947
17,47.38891459000268,8.431298799296822
211,47.397908074624624,8.43146634755201
24,47.420391674258646,8.431885466750897
75,47.439254967797226,8.434888921562413
0,47.450046966986335,8.435090906369647
95,47.35199544541672,8.435906002653587
51,47.351084649396796,8.437212550631445
105,47.35290622639509,8.43459941000923
32,47.354704944070136,8.43463300376567
115,47.35379416319777,8.43593963994085
49,47.357403018751064,8.434683398665372
16,47.359201733981365,8.434716998108922
0,47.35739159583092,8.436006921348248
15,47.3861823437286,8.435221262946785
27,47.39067909014234,8.4353053569214
29,47.39426505197122,8.43669708152955
232,47.39606374635622,8.436730772408927
125,47.39515295315754,8.438038387651046
30,47.39876178602586,8.436781313010124
23,47.423044039078064,8.437236409799764
69,47.43743343289008,8.43750629349065
83,47.44281798187967,8.43893318527075
63,47.4536328633389,8.436484170659385
139,47.454509291261246,8.439152909742905
4,47.349274478976454,8.438502192630619
68,47.35107319745311,8.43853591582889
25,47.35826806161075,8.438670831456516
26,47.39243197431944,8.440636572804095
132,47.396040838514736,8.43937973851165
100,47.40142543540052,8.440805709752745
103,47.40322412455608,8.440839544022388
10,47.413128376910215,8.43970076615156
11,47.41311689655412,8.441025673516503
0,47.4275178106077,8.439971265672451
12,47.436511172661234,8.440140402435285
29,47.43739902187422,8.441482831295732
48,47.45269915762013,8.440444993267807
80,47.453598487581736,8.440461920437222
21,47.33576111665075,8.440895310992136
36,47.336660479246845,8.440912208388266
34,47.337536837222764,8.443575162948859
45,47.338459203719545,8.440946004895887
40,47.33935856559574,8.440962904007447
12,47.33934707060947,8.442285977233608
0,47.340257927231434,8.440979803690889
40,47.34924003321849,8.442472150805422
76,47.35284896476362,8.441216459324705
75,47.35553553959724,8.442590660992666
64,47.3564348966755,8.442607593312077
80,47.35642338285934,8.44393109022928
125,47.396017869903986,8.442028702324547
4,47.39689418618311,8.44469464436138
14,47.39779353158761,8.444711625456737
378,47.4014024340978,8.4434549408883
70,47.404088942273056,8.444830509241678
18,47.408597181489625,8.443590649776237
98,47.41128368195819,8.444966410972562
153,47.414892571946666,8.443709425250544
101,47.440085522653014,8.44285923112833
94,47.37619763883086,8.445628225881018
16,47.404077403058366,8.446155190499194
93,47.406763876800966,8.447530964278346
36,47.407651648626846,8.44887276608312
73,47.411272141199625,8.446291271269988
61,47.413070823158385,8.446325297230189
80,47.41124901409276,8.448940990133629
51,47.41304769527792,8.448975105628756
29,47.415757287235365,8.447701312142245
0,47.45441707352287,8.44976040111736
0,47.34108808875341,8.448935402576916
14,47.35637717578396,8.449225072150309
113,47.3707552473637,8.450821706197301
62,47.37346489521294,8.449549017854185
39,47.39503765626332,8.451282965756937
165,47.39684794434301,8.449992649965264
58,47.4058413791639,8.45016338180802
0,47.4103380869584,8.450248769435737
161,47.4112374277445,8.450265848698322
40,47.41303610854209,8.450300008960816
85,47.41393544855316,8.450317089960784
53,47.41573412779878,8.450351253698344
13,47.41663346703285,8.450368336436002
10,47.45529319468491,8.452429398274225
14,47.355454625433424,8.451854970977577
24,47.37251907984042,8.454827544299048
15,47.37434104401516,8.452213954673308
33,47.37431778089407,8.45486183362681
9,47.39500277095143,8.455256327927877
81,47.41211354959802,8.452932688697858
28,47.41478828783645,8.455633958149903
7,47.43907034151541,8.456097798627686
28,47.35991649349044,8.455911165101407
43,47.35990482708424,8.457234745596468
49,47.35989314549615,8.458558325509811
31,47.37340677634681,8.456168604927285
112,47.39768914387153,8.45663232638246
83,47.39766577948172,8.459281364645891
13,47.401274840578374,8.458025670863504
8,47.40577154895453,8.458111715309617
55,47.407558538567095,8.459470902142348
93,47.4102682509099,8.458197774341812
83,47.40935721870111,8.459505371099526
29,47.4102565583817,8.459522606454602
128,47.41116759052804,8.458214987898952
68,47.41295457587474,8.459574316026197
50,47.413865607832655,8.458266632072393
12,47.41475325291084,8.459608791996239
16,47.42916600981912,8.457234078767746
30,47.42914263174845,8.459884683953378
0,47.44983894696976,8.458955723435462
7,47.45613423769044,8.459076410612692
13,47.35358596853682,8.45976134192219
0,47.35626059542402,8.462459986453798
0,47.35807102976446,8.461170989447176
46,47.35897038339188,8.461188236225771
71,47.363478860578795,8.459950810767277
21,47.363455419926154,8.462598146406021
30,47.365265851900965,8.461308980028502
32,47.36616520355917,8.461326231479667
0,47.37066195813878,8.46141249749952
12,47.40753510909759,8.462120430329625
76,47.40933378844798,8.462154988808233
21,47.412931144054156,8.462224112795994
20,47.41291940534842,8.46354901030228
11,47.431817192771085,8.462587167605125
118,47.436313854002144,8.462673647350492
138,47.43810077244019,8.46403376791535
84,47.447094067769065,8.46420700725954
164,47.45160245258841,8.462967788256417
37,47.36074562006829,8.463869931956937
44,47.40839919014213,8.466112064301308
147,47.42908392054515,8.466511186665153
39,47.431781918674154,8.466563269061492
19,47.43539101984855,8.465307264332433
34,47.44528364984841,8.46549805792552
15,47.44978028920301,8.465584805832881
26,47.4524782696054,8.465636861643961
8,47.453377595869846,8.465654214758974
6,47.454265143704646,8.466997495264263
10,47.33371783353054,8.46864312209677
24,47.34361076922424,8.46883416866373
26,47.35891159688475,8.46780600949424
10,47.3580004415903,8.469112181580062
70,47.3652188475613,8.466603825370518
40,47.39488549910609,8.468500830583816
7,47.408363794622126,8.470086414033712
10,47.41018608409273,8.467471586832966
133,47.429959662231326,8.469179188638895
54,47.429048511405384,8.470487081231676
104,47.43177013023738,8.467888635036651
54,47.43266946222356,8.467906019413684
42,47.433556989912255,8.469248814567253
57,47.43716611819764,8.46799295014625
20,47.451543564740234,8.469597085991033
26,47.34090088466058,8.470105163688935
50,47.341788412077925,8.471445683067994
76,47.34087721097036,8.472751373297244
45,47.342699598162895,8.470139948190683
64,47.34359895455196,8.470157341324482
19,47.359775494608336,8.47179409248235
12,47.38314670099562,8.47357153214173
107,47.38584473493846,8.473623927044938
116,47.38945396512462,8.47236948413321
68,47.39306317765812,8.471114871175981
28,47.42633867983441,8.471760032385106
48,47.42902482930505,8.473137674654806
47,47.43801813728938,8.473312423328624
33,47.438917466634784,8.473329901457086
24,47.441627304506376,8.47205672934549
52,47.447922598288606,8.47217894843448
26,47.44970939804095,8.47353968526731
42,47.33277113403595,8.47391737345253
33,47.33275926103429,8.47524027590301
7,47.33274737285845,8.476563177762218
32,47.338143517521814,8.476668176112435
44,47.341764707638795,8.47409193614415
5,47.3426521884928,8.475432543638972
0,47.37861432336614,8.47745634384344
38,47.38493352121892,8.474930660150495
129,47.38670842435242,8.477614121579085
92,47.39211638162612,8.476394957083702
27,47.407417050027725,8.475368035997333
159,47.412801182462886,8.476797952968631
56,47.41370051854483,8.476815481657875
169,47.41368861247461,8.478140395052268
50,47.41639852523628,8.476868071292
29,47.439793048041544,8.475998508879899
78,47.43976923955024,8.47864963520272
102,47.44156789532318,8.478684773683677
155,47.44337846267833,8.477394262053613
19,47.44878632024294,8.476173776929109
37,47.33453418495723,8.477921120745135
33,47.33362290862922,8.479226522581913
43,47.339030969384034,8.478008735410036
15,47.33811969326049,8.479314245876855
54,47.376791790115995,8.480069279410912
47,47.38309913415762,8.47886814436792
35,47.38398654838193,8.480209872110994
104,47.385785235436316,8.4802450262404
111,47.3875958521599,8.47895591937781
95,47.39119322201761,8.479026150093508
240,47.3893826065182,8.480315341646406
323,47.39118129054218,8.480350502923564
162,47.39299190542686,8.479061269021376
48,47.42806602677818,8.479746564235082
72,47.439757312497996,8.479975197470303
20,47.4442420056827,8.481388833898613
12,47.44605260165142,8.480098349451834
25,47.448750578718574,8.4801511378289
16,47.44783930924128,8.481459304465467
7,47.44873863446321,8.48147692360202
45,47.333610974731556,8.480549444979394
48,47.334510331938006,8.480567010768478
30,47.34620195374493,8.480795420126325
11,47.34619000187862,8.482118654441136
58,47.37227115793928,8.482629193178633
50,47.37677984664463,8.481393273895428
191,47.37767919210517,8.481410868252949
24,47.38037722698524,8.481463654901779
176,47.39115738201941,8.482999206795565
52,47.39204474600411,8.484341206465524
380,47.396541447355006,8.484429458585264
165,47.40374813610867,8.483246028858888
115,47.40645811357883,8.481974202582505
59,47.4082448218445,8.483334207985687
145,47.410930848742225,8.484711965898619
4,47.415451472872526,8.482150369904772
64,47.41362885416826,8.484764953082031
9,47.431615497161765,8.48511833877013
34,47.44691605042173,8.484093166025415
26,47.449614024885534,8.484146157916788
4,47.33626115589847,8.485894095585522
23,47.33985857720596,8.48596472657278
88,47.372247197066045,8.485276955651488
110,47.37403388541636,8.486636198144343
65,47.38212798509417,8.486795357483842
82,47.38482601380571,8.486848421381815
173,47.388435388719685,8.485594898885438
131,47.39023407164912,8.48563023788195
33,47.39112140530558,8.486972258121911
0,47.39293209414355,8.48568325086766
142,47.39383143446755,8.485700923060627
51,47.3956181059207,8.487060730922776
117,47.40282482369532,8.485877677936596
53,47.40280078842398,8.488526958649091
70,47.403724161212054,8.485895356719595
134,47.40552283547564,8.485930716083534
21,47.41181818729192,8.486054492739393
23,47.442395428827844,8.486656111790808
9,47.44328273576547,8.487999465282067
0,47.44779138095289,8.486762351915967
4,47.33802378918914,8.489898501124209
110,47.36771441061397,8.48915997649507
36,47.36951310385983,8.489195422045539
127,47.37400983262764,8.48928404642673
112,47.37490917763422,8.489301773104106
0,47.37850655516367,8.489372685818577
266,47.379405898920645,8.489390415498606
93,47.37939384853935,8.490714472857883
145,47.38119253489841,8.490749978732058
207,47.388387270275366,8.490892026290059
93,47.40637403768427,8.491247313712007
0,47.40997137887587,8.491318400104644
17,47.365891606472,8.49177197697347
7,47.36496808915042,8.494401608146244
258,47.36767822177158,8.493131275103405
139,47.367666128456236,8.494455040102286
79,47.372162855674596,8.494544105426998
145,47.3730622003726,8.494561920301951
174,47.375760232971174,8.494615368547466
41,47.37935760627198,8.494686641324321
10,47.384753658700006,8.494793568600235
44,47.38746377927858,8.493522783609516
21,47.39644507444845,8.49502531895336
159,47.40006661049569,8.492447506847578
111,47.40005452509392,8.493772077374643
92,47.405462630323,8.492554249000044
126,47.40545054370864,8.49387895377688
167,47.40636196606263,8.492572041469662
51,47.40723711231271,8.495239333004141
88,47.36493171992434,8.498372698422994
164,47.369452711184486,8.495814473510183
178,47.37303796576041,8.497209716660544
109,47.37302582567622,8.49853361393282
123,47.373925169517236,8.498551496461891
159,47.386540228079625,8.49615344967107
12,47.40091751419884,8.497763663673727
45,47.40000603155635,8.499070353438182
141,47.40632566002867,8.496546221120385
246,47.42160218189103,8.498175032901168
78,47.426098830602776,8.498264503457646
0,47.33703972297905,8.499141812341097
169,47.36129782972152,8.502272012891126
213,47.366706088947765,8.501055933053735
104,47.36760543412138,8.501073856033411
142,47.37478800052364,8.502541201879373
99,47.37661104346121,8.499929133755371
188,47.378397556814,8.501288979144993
179,47.385592285264416,8.501432443142168
77,47.39817082980036,8.50300812027528
113,47.39909453387161,8.500376998457577
99,47.399993870189405,8.500394920939092
71,47.3999695018766,8.503044054117645
96,47.40266750807231,8.50309795944894
60,47.40359121290117,8.500466616940562
31,47.40537770493663,8.501827169728937
73,47.41706903095866,8.502060555661377
92,47.41795616608488,8.503403526572617
211,47.41975482681146,8.50343948722748
206,47.42157786459152,8.500825242828059
41,47.42066635322739,8.502132387417676
350,47.42336434219127,8.502186267630083
81,47.361273418188496,8.504919221009061
42,47.36848039461883,8.503739346439946
198,47.37836095066642,8.505261066014237
40,47.38197053250757,8.504008943650657
0,47.384656334657556,8.50538706437948
116,47.39725928704563,8.504314652829859
87,47.400856630381206,8.504386610001248
491,47.4071397475813,8.505837302599966
75,47.41793172882786,8.506053552513977
70,47.354041914732086,8.50874562358391
101,47.35766380382877,8.506170795455127
160,47.36575791638142,8.506332873749678
132,47.36665726098666,8.506350885498339
124,47.36664501603754,8.507674622086421
88,47.37114173432231,8.507764801711012
31,47.370230130209706,8.509070589924756
24,47.372952666278415,8.506476984820473
188,47.378324207837224,8.50923314739629
277,47.380122889004866,8.50926927800948
211,47.384631851760474,8.508035432240085
304,47.38372024832736,8.509341546580497
60,47.39092722053837,8.508161773561305
217,47.39183880860386,8.506855462243468
107,47.39181429205101,8.509504186680775
180,47.39990831521783,8.509666876392872
37,47.40080764984936,8.509684956091133
84,47.41339830771047,8.509938136232007
173,47.41700790084366,8.508685507048945
85,47.41881881728227,8.507396611754482
99,47.35581604838581,8.511428655143227
149,47.35762702957593,8.510141333172678
15,47.36031277840444,8.511519133186162
279,47.36660819008909,8.511645828183198
109,47.36840687691658,8.511682032270327
265,47.37651324809473,8.510521000428804
194,47.37738798798357,8.513187091821187
162,47.38011061061109,8.510593348623525
108,47.38008600826163,8.513241488012493
141,47.38189699637252,8.511953641111276
55,47.38369567470949,8.51198986605223
58,47.38818005552115,8.513404709762515
94,47.395387059269204,8.512225388015596
98,47.395374747002315,8.51354983755603
60,47.39719802749521,8.510937136481186
22,47.41878200120186,8.511371711405411
64,47.35938880963401,8.514148146562164
76,47.35937647523287,8.515471700746168
22,47.36027582012778,8.515489864595406
66,47.361162814781416,8.516831627306145
4,47.36297385333517,8.515544359833434
206,47.36387319724445,8.515562526143004
0,47.36296150292726,8.516868002760393
239,47.371055587343015,8.517031722795334
318,47.37377830159615,8.514438484468464
276,47.374652951736365,8.517104503275338
258,47.37736332612168,8.515835094627166
55,47.380073684306,8.514565556785902
269,47.379149651609666,8.517195492743657
31,47.38277170170753,8.514620025575676
194,47.381860023269624,8.515925981567998
0,47.38905472562227,8.516071432701308
75,47.39713638814171,8.517559604795906
10,47.399859092418595,8.514965123186974
82,47.41332436380826,8.517887516735483
62,47.41422369333993,8.51790573993357
89,47.416034714220594,8.516617225819639
7,47.43400887703076,8.518306806692824
0,47.43942953486962,8.515765150577167
86,47.334170016363906,8.517609218713666
99,47.33865439519055,8.519023220020667
286,47.35755307118488,8.518082392066104
228,47.36115044960432,8.518155224936793
67,47.36384848083318,8.51820985606375
38,47.36564716708447,8.518246279898415
62,47.36834519460507,8.518300920276179
31,47.37552754005785,8.51977060963641
28,47.39172800561247,8.518774702878062
143,47.424103921366026,8.519431399151882
122,47.339528948745354,8.52168755701833
62,47.34311392242248,8.523083756995037
9,47.34583679540813,8.520492187430271
244,47.36022632988247,8.520784164527113
115,47.36112567370442,8.520802418347602
32,47.360201493670154,8.523431310787664
232,47.36381129234643,8.52218084631783
71,47.36379886581899,8.523504508498958
324,47.36562238911454,8.52089369672211
173,47.36560997735488,8.52221740420693
317,47.36740866137351,8.52225396457213
40,47.369207344400536,8.522290527413725
88,47.3710060264342,8.522327092731999
378,47.37009425756055,8.523632628353958
79,47.3709935982454,8.52365093366995
111,47.37460338751438,8.522400230799734
168,47.37641448080632,8.521112827892958
10,47.38001183671922,8.521185891411921
47,47.38538301521766,8.523943903070084
125,47.38718168781595,8.52398053541242
21,47.39259013271312,8.522766069836996
46,47.39257769953757,8.524090447336114
95,47.39707436898687,8.524182057679269
75,47.410576776280436,8.523132156916514
104,47.41056433894613,8.524456981883352
117,47.41146366821701,8.524475315134959
101,47.412362997229124,8.524493649008184
103,47.41327476394067,8.52318709138991
19,47.45103389687063,8.525282594123997
28,47.45193321428064,8.525300955384381
108,47.33318372853847,8.526851349072357
54,47.33768047649594,8.526943089658566
6,47.33950409172212,8.524333674867826
61,47.339491640446916,8.525656732863705
94,47.341290337399016,8.52569339128486
131,47.33947917399595,8.526979790239334
12,47.3547929884356,8.524644970990822
138,47.35657922230819,8.526005088075832
230,47.357466095665906,8.527346932715838
265,47.358365439186365,8.527365296365398
112,47.36645951978628,8.527530597195105
210,47.37098115487194,8.524974773987902
211,47.37276737610468,8.526335315570444
11,47.37456605489845,8.526372019942123
412,47.379962085280376,8.526482147978069
176,47.380861422800095,8.526500504827071
130,47.379949609452794,8.527806210566812
395,47.38355943385099,8.526555579105679
304,47.38626990473347,8.525286439267381
274,47.38625744263493,8.526610658982444
230,47.38715677839139,8.52662902018557
32,47.38804363619045,8.5279716458261
35,47.38895544914582,8.526665744458345
297,47.39164097483869,8.52804518880329
15,47.39706191957987,8.52550654639584
64,47.40695456758275,8.525708389920005
103,47.40874076020665,8.52706987579239
145,47.40964008957751,8.52708825256042
31,47.40872827770254,8.528394654131988
130,47.41235054428246,8.525818518116825
61,47.410539418690135,8.527106629951513
16,47.41684718441318,8.525910308730294
6,47.4492227997537,8.526571660900268
6,47.45102143496164,8.526608426380143
122,47.45280759156185,8.527971070819776
36,47.45551801827988,8.526700351000022
137,47.34036604054933,8.528321220537237
119,47.33945419556702,8.52962590312682
25,47.346661471040356,8.528449852752514
111,47.35115819982404,8.52854175156705
14,47.35655426631127,8.528652050678488
88,47.35925229624649,8.528707208636753
0,47.36283716381773,8.530104398031035
16,47.370031889889646,8.530251711992877
72,47.37364175170487,8.5290014790664
247,47.37813844348038,8.52909347128324
401,47.38172328577178,8.530491182330442
344,47.38443380143548,8.52922228656706
253,47.39341463915496,8.530730758160713
76,47.4132124221834,8.529811545731194
90,47.41411174984275,8.529829970381915
89,47.41319990824233,8.531136434728296
142,47.41499856288307,8.531173329422154
172,47.41591040438303,8.529866821557691
39,47.44467621319687,8.531782453349154
105,47.449185324037735,8.530549019436085
103,47.340341031351315,8.53096737682314
80,47.34753580474358,8.531114744753053
108,47.348435150326004,8.5311331685501
119,47.355629906207625,8.531280581380303
11,47.35471803186636,8.53258558704501
6,47.355617375286755,8.532604038166273
87,47.35921474651523,8.532677848898485
85,47.36551013668674,8.532807041736975
55,47.364598247776954,8.534112263286168
294,47.370019370802524,8.531575526852444
112,47.37361672704209,8.531649288194787
37,47.37630220586501,8.53302858644017
210,47.380798890745915,8.5331209233139
5,47.38348434605874,8.534500481839906
132,47.38888035382181,8.534611452163457
224,47.39430144751792,8.532073609937797
107,47.394276352467585,8.534722445051097
126,47.3960750166485,8.53475944769591
133,47.39697434835656,8.534777949958908
135,47.40506832221637,8.534944498550114
146,47.40959006755298,8.532387451691717
30,47.41498603332641,8.532498262561344
99,47.42305485596176,8.535314788525815
73,47.44646231251216,8.533145108937761
122,47.44914771146163,8.534526372336241
131,47.45185821346289,8.533256074038865
11,47.455455475392455,8.533330063328735
34,47.33218411369254,8.537416011058639
45,47.33490731731915,8.534825705059111
5,47.336706013753556,8.534862669729362
79,47.337592789349536,8.536204161375231
44,47.34298887016702,8.536315208080136
9,47.364585684396694,8.535435942204291
78,47.36548502468936,8.535454444883827
57,47.38167310741629,8.535787600297798
54,47.38255986020008,8.537130240171132
19,47.38525786471354,8.537185854782674
213,47.38794326773599,8.538565733857935
205,47.38886778477085,8.53593573459166
283,47.39066645158123,8.535972774439777
314,47.38885520053031,8.537260016392327
350,47.389754533851864,8.537278558365388
167,47.391540599672226,8.538639992459442
155,47.39516311416346,8.53606538504389
58,47.39603725887712,8.538732829867765
95,47.4032570907397,8.536232123685325
71,47.407728542900585,8.538974280774243
21,47.40864047470734,8.537668085000577
70,47.41674700539713,8.53651013449606
159,47.415822483258424,8.53914150144157
51,47.4185456562792,8.536547213288848
165,47.41941978333625,8.53921583812049
125,47.42034430611908,8.536584294596604
166,47.42033171451091,8.537909359546026
91,47.4203191077043,8.539234423865869
117,47.42211775565717,8.539271597247673
87,47.42302968668084,8.537965053394146
102,47.4248157256251,8.539327362048518
77,47.42663957232583,8.536714098983353
21,47.42661437096016,8.539364541734939
146,47.427513693234005,8.53938313252402
44,47.42843821745398,8.536751191612089
64,47.42842562394991,8.53807645809286
0,47.43653210748779,8.53691813958829
0,47.43743142728074,8.536936692510304
5,47.44101610734421,8.538336490590112
0,47.44732392745304,8.537140816208215
99,47.450021876438015,8.537196499533774
0,47.36991867147232,8.542166023183299
42,47.3708180092228,8.542184641357009
46,47.382509377250074,8.542426735012528
92,47.38433331818547,8.539815654061782
93,47.3888299864805,8.539908578108008
184,47.395112680161965,8.541363134693986
135,47.395100033683335,8.542687570531339
28,47.40142062393129,8.540168849216876
86,47.402319953262115,8.5401874447366
79,47.40320664914798,8.54153067869402
125,47.403194000766035,8.542855315870202
63,47.41398592448747,8.543079055947697
131,47.41669655114976,8.541810032315148
99,47.419381872360034,8.543190960129586
83,47.42387848841699,8.54328423100996
35,47.33302030279878,8.54404900721599
283,47.372591356032494,8.544869631473189
180,47.378886706843026,8.545000298095635
159,47.38429538635994,8.543788156504256
132,47.39059071576249,8.5439187241611
209,47.3896787081606,8.545224370124613
107,47.39147737150763,8.545261724321348
132,47.392376702800235,8.545280402369126
151,47.39328871027606,8.543974691209941
42,47.395087372013386,8.544012005737109
101,47.394175364622775,8.545317760363682
96,47.3959740254267,8.54535512089049
166,47.40137000170943,8.545467217667325
159,47.40318133719051,8.544179952414467
40,47.40497999329918,8.544217280856765
180,47.41936920497162,8.544515999535149
136,47.41845719881442,8.54582234125394
41,47.42025584569492,8.545859735994897
101,47.423865819969045,8.54460938236507
249,47.42295381405734,8.5459158328624
184,47.42746310725381,8.544684100032109
170,47.42836242841856,8.54470278103294
24,47.36087457471486,8.547274215477398
43,47.35906318128347,8.548560353507016
16,47.361773914094854,8.547292916703539
55,47.362660538446264,8.548635246499693
29,47.36716994518631,8.547405137359968
35,47.36898132132024,8.54611876434309
88,47.37077999579943,8.546156134137705
41,47.371653914036735,8.548822523369694
209,47.38245865129634,8.547723219756802
156,47.383370689176715,8.546417793597138
103,47.38516935564134,8.546455183651606
81,47.386955315764276,8.547816808270241
46,47.390539921416526,8.54921601134226
52,47.3941626727825,8.546642171936934
0,47.39323791338236,8.549272246768563
102,47.400457979642894,8.546773101446737
53,47.40315596445887,8.546829223604224
182,47.40762716504626,8.549572265631847
142,47.41664585374402,8.547109920026937
194,47.41754517762329,8.547128638198334
77,47.41663314139922,8.548434890369924
164,47.422029079488624,8.54854734324814
157,47.426538402058256,8.54731585483121
324,47.42742500816415,8.548659819012343
152,47.35994979161792,8.549902636090083
148,47.36084913081925,8.549921381359448
127,47.36264780848227,8.549958873802403
152,47.36173572484105,8.551263731591773
153,47.36262230300814,8.552606126502658
17,47.36623241484526,8.551357582340403
119,47.36711899070922,8.552700092138997
0,47.375238524366615,8.550221392017356
90,47.37973519676579,8.550315178695032
115,47.38062178108636,8.551658011557274
126,47.383332530165966,8.550390219475991
175,47.384231862886466,8.550408981260269
78,47.388728522701136,8.550502799717671
74,47.390527184855095,8.550540331551474
57,47.398595629427255,8.55335829740145
114,47.402205709509424,8.552108960852193
94,47.40310503667324,8.552127758367403
178,47.405815771999045,8.550859454873837
8,47.41930564005791,8.551141187047747
150,47.421990847433285,8.552522653441972
12,47.42378949009429,8.552560277165282
140,47.42648745212062,8.552616717535885
100,47.42557535643658,8.553923095130036
244,47.42647467663596,8.55394193161849
127,47.428273316246624,8.553979606512264
18,47.443574489819895,8.552974306638415
279,47.354515476017106,8.553760452808762
124,47.35810004506658,8.555159203548444
73,47.36709342237081,8.555347565712541
103,47.37159010173377,8.555441770717715
9,47.37428810636315,8.555498301378895
87,47.378784775745615,8.555592531914186
120,47.378771966018675,8.55691655827623
100,47.38329423446405,8.554362639633993
10,47.38599222994819,8.554419128120962
153,47.40218015488305,8.554758179666084
5,47.41204711470683,8.557615188253777
50,47.4147579026355,8.556346951230594
0,47.41926731873277,8.555116291915821
168,47.41834237354266,8.55774746009196
131,47.429134216074885,8.557974284882798
119,47.35267838464724,8.557692973076765
230,47.35447706417117,8.55773072208577
131,47.36886646493366,8.558032806199517
46,47.36885362719395,8.559356585440096
76,47.37426247386493,8.558146129947552
32,47.37335030085397,8.55945113203256
40,47.385054464695074,8.558372846552446
7,47.38414229212159,8.559678109198584
13,47.385953795628204,8.55839174376371
71,47.404826840177435,8.560113406819621
105,47.405739011826576,8.558807644474712
97,47.406638336891106,8.558826556422417
209,47.40932346313601,8.560208081650766
22,47.41653089553797,8.55903463017205
99,47.4192288606255,8.559091391029227
261,47.420128181799846,8.559110312598271
129,47.42281329313048,8.56049220246767
123,47.423712613044046,8.560511148994804
183,47.42641057121194,8.560567992432137
205,47.42730989007623,8.560586941530017
0,47.428209208677664,8.560605891270674
66,47.3553507193408,8.560396485206441
123,47.355337854458455,8.561719928074826
65,47.355324974396204,8.563043370301903
43,47.364331228438836,8.561909387984048
46,47.36884077427052,8.560680364040321
57,47.37422391122803,8.562117867999977
80,47.3805321100006,8.56092650904097
28,47.38140568434034,8.56359362884761
23,47.40301532810022,8.561400169640722
105,47.409310600539705,8.561532866546846
0,47.40839839910306,8.56283866979242
89,47.41109636926291,8.56289561474625
301,47.41920314589737,8.561741453897676
159,47.42100178712469,8.561779387230716
180,47.42278754628373,8.563142443162711
371,47.42368686576659,8.5631614344717
88,47.42458618498748,8.563180426424845
7,47.42637192555745,8.564543621213494
0,47.43359224634579,8.562044992625745
139,47.43357936273661,8.563370381392623
81,47.435377995120184,8.563408380119702
168,47.436264411456044,8.56475283577473
14,47.34539351291766,8.566804378801201
18,47.348117365746056,8.56421493284556
53,47.35171472440511,8.564290867224848
4,47.35261406345945,8.564309852426263
22,47.35351340226922,8.564328838270386
17,47.352601153684525,8.56563322637105
197,47.3634061129701,8.56453772498527
140,47.36339320060655,8.565861366960462
68,47.369701458767224,8.564670693410568
46,47.37058787879785,8.566013512195905
22,47.368776281897766,8.567299247409599
29,47.373298793754195,8.564746689522293
32,47.37417228178567,8.567413509743698
32,47.378694788739956,8.564860702997699
17,47.3804934517296,8.564898712639447
65,47.37866894148845,8.567508746095909
16,47.38046760361396,8.567546845153684
0,47.402064407003024,8.566679632625284
57,47.40477530293094,8.565412094999534
71,47.40296373180395,8.566698676249354
101,47.4038630563479,8.56671772051898
191,47.40567462717644,8.565431118184783
0,47.407473274894286,8.56546916649006
95,47.40746035194972,8.56679390405387
34,47.4119440264226,8.568213996817075
342,47.42366105769231,8.565811717372007
135,47.42544676773985,8.567174976756343
284,47.42543382527175,8.568500161375741
97,47.4281317779782,8.568557411759441
36,47.43174198855227,8.567308413281166
218,47.43532630693396,8.568710107936495
90,47.43715081189213,8.566097336233494
9,47.33547486609228,8.5692410387443
33,47.33637420864796,8.569260101652505
60,47.338159926012,8.570621243568326
48,47.34087091781231,8.569355425870162
27,47.3426825527192,8.568070433659262
31,47.344468280793464,8.569431696858503
45,47.34627991462645,8.568146620512797
55,47.34717925449614,8.568165668837874
35,47.3516759501907,8.568260920135314
52,47.35614671223915,8.571003109596461
23,47.35887065058179,8.568413355750053
32,47.36606533521832,8.56856583266014
6,47.368763337872224,8.568623022151792
25,47.37234771118727,8.570023147328548
22,47.37955532605499,8.568851838237217
59,47.40381121609164,8.572016306294639
15,47.41193107200563,8.569538844985317
63,47.4137297148044,8.56957703661397
152,47.4155283565647,8.569615230832746
82,47.41642767705483,8.569634328913523
168,47.415515386084124,8.570940167884386
67,47.43261540115412,8.569978205150974
52,47.432602426550226,8.571303567640056
4,47.43618669544674,8.572705554141377
35,47.43798532320769,8.572743870371841
13,47.33183855141938,8.573133365470785
52,47.335448918166925,8.571886932519142
21,47.33453657929717,8.57319074922472
22,47.337247602170955,8.571925148250875
73,47.34714034692226,8.572135381015825
77,47.35522138742337,8.573630884940572
147,47.35703306223213,8.572345692070146
0,47.38311371383974,8.572900524128057
83,47.40379821804375,8.573340951118865
127,47.40469754124626,8.573360107907842
41,47.40919415339268,8.573455901594917
74,47.41008046028232,8.574799863094245
221,47.42446956792889,8.575106880621142
156,47.42626820168173,8.575145269527175
98,47.44156956835701,8.574146095847855
35,47.43975792120607,8.575433269357937
56,47.44425448111484,8.575529301878365
10,47.33362422544757,8.574494521298336
9,47.33271185661912,8.575798248741574
12,47.33361119881027,8.57581742128916
97,47.337221592679995,8.574571128709556
30,47.339020274851656,8.574609436303716
6,47.33991961557558,8.574628591073063
49,47.3416922239316,8.577313103623275
52,47.345315654838544,8.574743533303293
79,47.34621499386689,8.57476269261104
74,47.35520837074261,8.57495432136183
137,47.35429600251255,8.576258569006926
6,47.37319505067786,8.575337773561962
89,47.385785667301136,8.57560634469451
76,47.406457099613135,8.577372555385624
193,47.40916810910323,8.576105457812595
0,47.41636267159662,8.576259119603177
13,47.416336563033994,8.578909031324281
5,47.42353110537234,8.579063093011984
28,47.430751746487694,8.576566568279773
11,47.43072563093585,8.579217196508278
149,47.44424144286837,8.576854953011365
136,47.444228389417,8.578180603491752
17,47.4496373046308,8.576970348011447
106,47.451422867873404,8.5783346480053
138,47.4523091058476,8.579679758043254
32,47.33177334454264,8.579747639033759
62,47.331760257647865,8.581070491796636
56,47.33628312383956,8.578520874756594
31,47.33445828160303,8.581128277215802
42,47.33896807202983,8.57990156798872
30,47.34436410751367,8.580017042054807
31,47.3470621219821,8.580074787881768
37,47.347049031371014,8.581398020083395
115,47.353370557509976,8.57888616179441
93,47.35875349262596,8.580325087573202
92,47.360552161351364,8.580363604996627
80,47.35874039917152,8.581648610081187
40,47.36145149534418,8.5803828646865
25,47.401008839727005,8.58255551035913
212,47.408229607884365,8.580060515325435
0,47.41182688962104,8.580137606959106
28,47.41362552893478,8.580176156696934
11,47.41361243731792,8.581501043774066
16,47.423518026545416,8.580388226995579
12,47.428014605901524,8.580484648743566
7,47.44508844792107,8.582176871512571
106,47.44869878575725,8.580928399513006
68,47.448685685595,8.58225416008167
103,47.45139671185409,8.580986305586531
90,47.45318222664898,8.58235078554983
81,47.45408153405245,8.582370112611418
0,47.34433791242678,8.582663371854588
19,47.34792214162956,8.584063799421065
32,47.355116828944745,8.584218358099916
15,47.36141216746742,8.584353631286689
78,47.40459300815021,8.583957422055864
104,47.41537170781022,8.585514432493405
97,47.41717034328976,8.58555316653739
35,47.41986829455398,8.585611272529373
0,47.44955874796116,8.584925047857208
192,47.45134421733265,8.58628961288051
0,47.45405528547368,8.585021900751581
14,47.345197843275116,8.586652221234646
40,47.348808341816756,8.585406391863433
22,47.355077369050434,8.588188649761785
155,47.39917079299516,8.586490470705098
277,47.40186875912317,8.586548604423044
197,47.40185559438783,8.58787319731601
123,47.4018424144597,8.58919778955132
76,47.40456672293947,8.586606744053068
217,47.40365423674899,8.587912001158635
54,47.41355991888842,8.586800585531405
15,47.41804333843799,8.5882225266388
67,47.41892947096886,8.589566957521958
35,47.41984197147267,8.588261354170804
38,47.41982878713513,8.589586394004264
26,47.42162741868355,8.589625268946461
133,47.443224105175844,8.588766351863514
38,47.44321091510163,8.590091974028537
211,47.44500953290265,8.590130883275997
127,47.45133105568511,8.587615438060302
146,47.45131787883076,8.588941262581093
116,47.45040537987955,8.590247626865697
82,47.45402897606438,8.587673686261363
58,47.4522171856726,8.588960700403566
51,47.356849653735445,8.590874377136505
0,47.3577357722776,8.59221730782627
18,47.36133310181552,8.592295146797104
11,47.38111834326498,8.592723449666074
0,47.39282278846117,8.591652321231207
285,47.40092989821378,8.590502935449557
32,47.405413290070044,8.591924850847732
97,47.41531900526388,8.590814145430238
71,47.41711763898031,8.590853058550051
65,47.41799051166782,8.593522502921095
9,47.42068845817692,8.593581013851411
0,47.422513533867416,8.59096981374649
49,47.443197709822876,8.591417595533384
55,47.44408379793149,8.59276271548605
67,47.444969870125384,8.594107880254533
130,47.446794943471005,8.591495506304229
39,47.45219078590151,8.591612392293998
54,47.34510536215525,8.595914497404058
21,47.34961529552481,8.594688794589487
40,47.36040729357508,8.594922807963798
107,47.359494701093126,8.596226840839487
31,47.36310528755057,8.594981326164643
42,47.36491719577434,8.59369666928624
41,47.3801925307725,8.595352079534997
57,47.3837765669637,8.596754304269442
68,47.39459497195252,8.594340068064936
0,47.39368239554637,8.595644948178153
217,47.39819225943389,8.594418104692538
47,47.416152101037916,8.597458339900905
43,47.417051416658246,8.59747790871413
14,47.41797726698185,8.594847495340115
65,47.41887658252452,8.594867020708325
86,47.42335989510266,8.596289783568059
9,47.42424593221835,8.597634483113435
9,47.42515852234209,8.59632888769637
44,47.452137803874926,8.596915768132899
92,47.34058212338673,8.598463060227889
75,47.34148145967154,8.598482618076503
57,47.345092089859634,8.597237677077842
7,47.347790095011284,8.597296295563217
26,47.35318609872932,8.597413550393137
42,47.35317280925908,8.59873693035528
121,47.354085431826086,8.597433095180318
46,47.38554863667814,8.599441764238478
0,47.40534700617591,8.598548242995161
147,47.411642230312005,8.598685339536662
53,47.416125506174474,8.600108230557414
25,47.34145484097524,8.601128795532395
24,47.343253511929,8.601168002503425
28,47.343240179371946,8.602491134880546
22,47.34415284704212,8.601187606984144
64,47.34596483458787,8.599903617923943
63,47.347763503557275,8.599942786878861
10,47.347750185064086,8.601266031542679
12,47.345938183314395,8.602550017284871
74,47.349548852613765,8.601305247803863
4,47.3504348516836,8.602648167913076
87,47.3576561654176,8.600158263538216
12,47.362152820072325,8.600256234005082
21,47.37831405814561,8.603257072813598
25,47.38101203316087,8.603316033029019
21,47.400810460447666,8.602424028542417
107,47.4035084170597,8.602482971612686
43,47.40889097449425,8.60392563968875
117,47.41071629076941,8.601315373069117
50,47.422407385134136,8.60157064064128
0,47.445776097749196,8.603407196350327
96,47.34322683163871,8.60381426659343
99,47.34321346872936,8.605137397641316
127,47.34230075618044,8.606440834917096
70,47.34412616630617,8.603833915720298
24,47.344998758842536,8.606499916235707
10,47.345924834912324,8.60387321596918
59,47.34772350254535,8.603912518878511
36,47.378287330091425,8.605905077891153
100,47.395387834134624,8.604955016447828
125,47.39627377826116,8.606299153610147
100,47.40436764668168,8.60647657484397
154,47.405280342438424,8.605171618545679
56,47.41067624292745,8.605289799192226
52,47.414273504739754,8.60536859964741
41,47.41604535686209,8.608057886540292
16,47.424139171970886,8.608235641650673
4,47.42593779466887,8.608275150155324
0,47.44662187965773,8.60872969068492
6,47.37646189181544,8.60851359800738
121,47.393535600107285,8.61021316811761
149,47.39352216392531,8.611537547742456
104,47.39534766095808,8.608928295540856
71,47.39984425613176,8.609027076553756
313,47.400716713631276,8.611695952571527
22,47.406126054460024,8.610490091578349
0,47.42141439525096,8.610826532530762
6,47.44118574627406,8.612587780790971
42,47.33144162027699,8.612818760870063
27,47.33324029251118,8.612858354892872
37,47.335938299060125,8.612917750951102
12,47.38899864637924,8.61408710013863
5,47.38989796681021,8.614106939761909
157,47.394408031936216,8.612881747316429
106,47.39620666993666,8.61292139057187
99,47.39890462501922,8.612980860493831
92,47.40428705899209,8.614424465195233
24,47.42138749375345,8.613476678457307
13,47.4267698831281,8.61492094362472
0,47.442058109790736,8.615258789507024
14,47.335025496666916,8.614220877096157
95,47.33771001812957,8.61560333590456
30,47.33860935223179,8.615623181906976
10,47.33859585386507,8.616946195333897
26,47.34758917930914,8.61714491552534
102,47.39078380591039,8.61545109057644
96,47.39348176423764,8.615510682588246
73,47.39526690445321,8.616874835629558
80,47.39616622264947,8.616894724693042
59,47.39615270983839,8.618219168052905
18,47.39977699139798,8.615649754180483
104,47.40156212644924,8.617014073231406
21,47.40246144285093,8.617033967014411
17,47.41956190884376,8.616087051236011
43,47.42044771656808,8.61743198434522
114,47.421333508380776,8.618776962229262
29,47.42314564864138,8.617491710230139
77,47.42672936723484,8.618896558470988
147,47.42852798474945,8.618936429294022
67,47.44382971566151,8.617949810667067
19,47.44742693034427,8.618029516808543
24,47.446514101599824,8.619335286355916
19,47.44921200992205,8.619395138266015
5,47.450111312158946,8.61941509025701
9,47.3376559345177,8.62089529630279
7,47.338582340323626,8.618269208088462
41,47.36375004861425,8.620150056689527
21,47.36556223652267,8.618866240419443
92,47.365548701024416,8.620189922393852
34,47.36643447595019,8.621533559899367
7,47.38534735209277,8.619304449758937
130,47.38714599292439,8.619344303168821
93,47.38713245199545,8.62066852154765
37,47.38804531296006,8.619364230886577
75,47.38981685386457,8.622052658591903
24,47.394327003352565,8.620828141097643
71,47.39341412762024,8.622132560523282
61,47.39701139729464,8.622212473286876
112,47.397937816557196,8.619583480357862
33,47.39882358966105,8.620927925294694
14,47.39791071407389,8.622232453170598
97,47.40421948476803,8.621047688655807
56,47.40420592434349,8.622372331320767
134,47.40513234517631,8.619742985868568
13,47.41502479505123,8.619962376592765
39,47.41682341892521,8.620002274607542
169,47.41770918184116,8.621347203661712
133,47.42670228064121,8.621546964988802
131,47.43031306460657,8.620301595996297
33,47.432098127300186,8.621666854312675
6,47.43660821230032,8.620441331440391
0,47.436581090316196,8.623092229333013
80,47.44467482841402,8.623272341242378
61,47.44739986373477,8.62068095514537
64,47.44737273630348,8.623332390770761
41,47.44827203839701,8.623352408638928
30,47.33133346569786,8.623401432011335
41,47.35561541041976,8.623940999179476
75,47.35922629988467,8.622697453425216
23,47.364622258853,8.622817306445802
32,47.3655080034358,8.624160964263819
26,47.36640732858855,8.62418096515273
0,47.377199210978084,8.624421028664013
50,47.3871053245724,8.623316956276598
7,47.390702600472046,8.623396939528291
110,47.3969842344998,8.624861398655002
91,47.39879645634124,8.623576941491127
187,47.40599097746102,8.623736989339477
0,47.417682038990236,8.62399715969304
51,47.418581349594426,8.624017177547904
72,47.41856775514606,8.625342176931001
51,47.419467065261614,8.625362217850805
91,47.42396361191265,8.625462432645705
0,47.438366116397475,8.62445774218009
94,47.4446612425724,8.624597990809704
37,47.445560545242785,8.624618029047985
47,47.44734554805049,8.62598382367863
0,47.44915775324335,8.624698188802105
77,47.332205609303344,8.626067112857594
4,47.33400427653655,8.626107154497758
0,47.333990657909695,8.62743005094314
13,47.336715879716934,8.624844257969313
6,47.36549440720834,8.625484643533527
5,47.391547477154404,8.628714245576838
32,47.39427268048785,8.626125723435973
60,47.392460427755594,8.627409984735115
35,47.39604406047606,8.628814690573256
66,47.398755642423936,8.627550460698824
51,47.3978426920159,8.628854873337989
202,47.401467208239495,8.62628610205323
121,47.40055427288178,8.627590602810393
18,47.40235290231215,8.627630747643405
101,47.404151530713264,8.627670895198168
45,47.4050508445273,8.62769096999631
84,47.40593652123677,8.629035729493335
0,47.40776240652923,8.626426469023826
13,47.419439830317515,8.628012259349351
128,47.42395000090092,8.626787565676711
53,47.42302342515914,8.62941771820816
106,47.42392273328121,8.62943782969607
90,47.42482204114064,8.629457941866129
84,47.439238206372394,8.627128803887924
88,47.44013751019004,8.627148882853703
0,47.35103698414838,8.631780963419827
93,47.35735959810487,8.629274895595744
0,47.355533620355956,8.631881590390153
23,47.36723851825615,8.630819579695569
21,47.36815149941415,8.629515950074328
0,47.37621806731602,8.63234469394437
53,47.3906208482157,8.631342764084604
80,47.39421811457715,8.63142329490507
119,47.39510375084745,8.63276784284461
59,47.39600306631568,8.632788000304023
26,47.40590920196269,8.631685095485157
11,47.41760024570955,8.631947011470682
99,47.420311843525354,8.630682429269504
88,47.423009768779664,8.630742826805289
37,47.42659332628449,8.632148563890812
44,47.438270600966575,8.63373617222642
20,47.43918359480664,8.63243085216393
88,47.44189517910044,8.631165781698519
66,47.445492386824576,8.631246378709163
56,47.44457940822559,8.632551873906603
32,47.351908928920416,8.634447767098077
26,47.35729117179225,8.635892266363022
39,47.35821791364073,8.633265471237458
36,47.358204212969405,8.634588967043667
7,47.36271453885709,8.633366237149342
35,47.37169406658343,8.634891651074916
57,47.370781025689375,8.636195275236936
22,47.39329142472963,8.634051898090801
0,47.395062620657484,8.636741079328534
27,47.44095480242942,8.635122299656626
14,47.441826645149625,8.637793666129637
10,47.33209623908837,8.636649908372338
7,47.33298183121484,8.637992976043876
50,47.350082831370386,8.637054018003594
38,47.351867740643065,8.6384177814456
34,47.35817676608642,8.637235956606201
83,47.361774064003676,8.637316836004018
136,47.362673387864994,8.637337057565158
40,47.36265964050485,8.63866066300193
21,47.36805557708546,8.638782140793236
82,47.37525014524102,8.638944149584965
16,47.422913748567005,8.640018567822382
11,47.429208887053754,8.640160616507346
26,47.43100749567721,8.640201208041463
4,47.434604709749095,8.64028239937252
32,47.43911498828141,8.639058397105504
27,47.34914222678661,8.641003615312075
15,47.367114918321306,8.64273304007619
102,47.36892735549281,8.641449911080107
88,47.372538418985755,8.64020724166136
138,47.37613569914254,8.640288343680805
0,47.37702123714752,8.64163258247578
17,47.38602819882471,8.640511430908095
0,47.393222724805256,8.640673728396171
22,47.394094452646065,8.643342790718746
11,47.408497248672894,8.642343501000925
23,47.410282063281656,8.643708938759254
0,47.41297999025156,8.643769985158126
53,47.430094411686625,8.641506194179408
15,47.43908743925059,8.641709410270453
38,47.446254228589574,8.644523401693812
0,47.34731597967085,8.643609506239825
18,47.351784954274756,8.646357791624398
0,47.353583603946035,8.646398532989553
4,47.35630923509053,8.643812759591512
0,47.355396089233544,8.64511585448106
119,47.36708728466053,8.64538046816799
53,47.36979907199692,8.644117768678983
4,47.3742956718625,8.644219472810775
52,47.393153645131974,8.647295541510996
57,47.40665716969672,8.646276948862331
10,47.409368933678785,8.64501335663542
47,47.411167551975176,8.645054096921388
47,47.411139865277946,8.647703714953462
21,47.41205302475152,8.646399299841521
102,47.446226554230634,8.647174767824575
10,47.44893829359171,8.645910281624754
22,47.448924448114575,8.64723603157321
28,47.45070918154637,8.648602671616462
8,47.45163618575083,8.645971484375647
0,47.4534209325403,8.647338151684375
15,47.332857490378665,8.649898763328798
16,47.37962229328559,8.650961666408914
21,47.380521609841644,8.65098212520121
47,47.38234800520512,8.64837486245809
14,47.38233413129445,8.649698954007858
5,47.38683070891955,8.649801153517185
57,47.3859175038748,8.651104892511857
12,47.403004441218194,8.651493820376626
33,47.40662945492725,8.648926341740507
45,47.44889671154345,8.649887529389924
32,47.44979600850301,8.649907996848096
31,47.45069530519348,8.649928465000977
143,47.44978211717649,8.65123376712597
20,47.33103103365967,8.652503553468144
24,47.38140702209366,8.652326652496601
141,47.385903598660825,8.652429072100153
5,47.41017107522999,8.654307220768963
0,47.41107038262332,8.65432774790663
22,47.37958053696655,8.654933733638511
45,47.38135125402129,8.657622916789789
97,47.38316384880708,8.656339951646094
156,47.38404919792376,8.657684634727522
75,47.386747139548504,8.65774635893884
4,47.387660419348265,8.656442713546676
164,47.38764645291625,8.657766935070267
28,47.39035835862732,8.656504379044337
0,47.39486887210708,8.655282767690231
4,47.33096127496938,8.659117625531433
42,47.37863932856389,8.658885202400077
62,47.38313590309074,8.65898817042608
89,47.385833844774204,8.65904995961474
163,47.386733158162,8.659070557406709
96,47.384920535026424,8.660353515575967
17,47.38941709952535,8.660456619818
0,47.39302834475891,8.65921476149521
6,47.42897256698051,8.66268993978422
0,47.435281689273815,8.661509281895563
0,47.38309387061412,8.6629604933608
51,47.385791810189644,8.663022483754695
19,47.38938905940628,8.663105147415866
5,47.44964236759104,8.664491431528507
4,47.340769645502746,8.667282353788918
47,47.34166896965596,8.66730307297366
20,47.3425682935664,8.667323792859603
135,47.3875623353717,8.665712249543505
0,47.390232107632045,8.668422951309669
0,47.42982970722428,8.666686425089694
17,47.43070082344165,8.669357749826744
34,47.43252760499074,8.666748659239357
74,47.33714415142295,8.669845412017507
37,47.33892867972906,8.671209942305449
0,47.342554202219446,8.668646891099437
47,47.3407273273493,8.67125151248203
110,47.383009395614955,8.670905120308333
134,47.38299526329449,8.672229222337917
49,47.38660664222669,8.670988312119155
61,47.387520071559294,8.669684897316428
16,47.391089060331836,8.672416620992411
9,47.39201662401924,8.669788794659777
38,47.430672579337624,8.672008327729982
10,47.42885983754201,8.67329190435803
5,47.43966555050701,8.67221670252064
41,47.44414787769561,8.673646540332925
7,47.44504717177427,8.673667407643961
27,47.34071319094837,8.672574563973878
61,47.42884567796315,8.674617146754217
153,47.40271747137547,8.394459932692419
166,47.406314873903995,8.394524472949266
11,47.411710969996655,8.394621299746037
61,47.39459037578534,8.398288116932502
35,47.3981987762115,8.397028361080007
40,47.39728843329898,8.398336707879528
157,47.401785190732056,8.398417703771377
50,47.40269553328851,8.397109247843678
47,47.40358389191874,8.39845010597191
167,47.40540456165997,8.395833062047497
156,47.40718129121983,8.398514916963745
28,47.42516822581946,8.3988391038046
39,47.39368001758355,8.39959635352428
32,47.39547872298631,8.399628790581724
42,47.398176779185576,8.399677450290568
22,47.39906510925611,8.401018237447161
89,47.40447223473056,8.399791008854859
20,47.42695590156135,8.400196795232471
0,47.45482438803487,8.402026403261756
40,47.399031953634456,8.404991932603119
54,47.402640422167565,8.403732526111208
85,47.406237819542426,8.403797692954829
0,47.41254430970847,8.402586855458116
82,47.42241498484447,8.405416199609554
54,47.42512408808308,8.404139963920743
133,47.40171892174498,8.406365498475628
43,47.400797361032105,8.408998379676373
169,47.40261827135811,8.406381833558044
51,47.40531631866233,8.406430842127786
153,47.40711501558375,8.406463517276684
0,47.411611753389366,8.40654521484255
35,47.42330324144024,8.40675769334771
183,47.42239279548356,8.408066490878811
72,47.42510192801013,8.406790390663764
35,47.42600127090341,8.406806740153575
79,47.424180364351415,8.409424421463429
25,47.42687839191577,8.409473604307273
21,47.443066507638115,8.409768806507063
41,47.44486518187361,8.409801617882023
75,47.44758542140347,8.407199294352942
83,47.44666385504475,8.409834431484043
0,47.37470499264728,8.409847580434146
4,47.41966136708412,8.411992614761589
65,47.423269888440956,8.41073319493389
151,47.42235939744225,8.412041923616819
92,47.42505742545517,8.412091237489316
24,47.44575338106802,8.411143751126305
25,47.443943555379654,8.412436575153931
32,47.3890612000974,8.414082761116038
19,47.387251309051535,8.415374109007548
175,47.39896523216945,8.412939307967829
162,47.398043520804805,8.415571939160367
35,47.40885806203871,8.413120236819001
49,47.40884688656245,8.414445043584363
0,47.40883569589009,8.41576984979122
59,47.409746233006246,8.414461517389496
47,47.41064557919255,8.41447799175317
76,47.41244427079181,8.41451094215626
109,47.42144889135621,8.413350607513795
39,47.42233705608162,8.414692209322709
4,47.44661921296108,8.415137424674787
0,47.39261376642415,8.419446221060475
77,47.39711051534365,8.419528992819302
104,47.41062318190259,8.41712769313661
118,47.41332121779059,8.417177253884061
6,47.414209340379465,8.41851871464341
7,47.41869482112675,8.419926492602396
42,47.42050474526829,8.418634536638288
11,47.420493506564355,8.419959632187508
4,47.3557064222443,8.422738473917287
56,47.37908970045992,8.423170185604617
77,47.38179903641163,8.421895891217995
50,47.38359774204215,8.421929074216935
69,47.38900511540844,8.420704325509305
83,47.387183872965025,8.423319712867652
11,47.3961999172446,8.420836928045752
7,47.39617737402095,8.423485907760098
172,47.39797607118831,8.42351915349785
10,47.35118703380486,8.42530223829322
40,47.37907840964604,8.424494249711403
109,47.38087711602568,8.424527518766114
88,47.3817651622714,8.425868284754179
15,47.38807193150705,8.42466061752999
29,47.39255737415503,8.426068221552535
87,47.39705411836034,8.42615155255023
0,47.36375541129374,8.428182602822911
79,47.38174250356936,8.428516544291142
134,47.38804930053388,8.427309191252325
32,47.38802660880012,8.429957762713304
218,47.39254605012689,8.427392619959745
4,47.41592904527873,8.427826677228456
5,47.41950370868071,8.430543627087193
5,47.34124870522221,8.430411740437977
0,47.35023094530433,8.431902333924928
81,47.356515068316696,8.433343098882574
16,47.38530580579999,8.432556013116093
25,47.38529440733934,8.433880229773285
35,47.38801524014805,8.43128204759389
74,47.39250060210019,8.432690207925967
134,47.393399950499756,8.432706984835262
29,47.39521003190254,8.43141607711323
113,47.39609799417582,8.43275731897467
114,47.397008727305035,8.431449590171153
74,47.39789668868879,8.432790877910886
0,47.3997067684995,8.431499864017683
42,47.42038028356155,8.43321055664628
32,47.42129101488393,8.431902238909814
38,47.42216755789268,8.434569280425535
0,47.42398903519619,8.431952558799697
8,47.42577632225876,8.433311332492298
6,47.441076442354934,8.432271370379347
10,47.44105363698783,8.434922579985248
0,47.45095771090521,8.433781891094219
68,47.453655704467195,8.433832334611347
5,47.33670630513274,8.43562017763006
35,47.33579550825421,8.436926355738343
53,47.35018529008869,8.43719571107899
65,47.354682084194195,8.437279914541993
7,47.37539012669764,8.43501949552129
4,47.39246635657081,8.436663392933673
67,47.39517583023189,8.435389465145612
79,47.396075177488434,8.43540628850077
116,47.398750339127155,8.43810586346174
39,47.4176365482099,8.438460261614402
45,47.4221446997376,8.437219546931964
172,47.4392435426884,8.436214480693927
5,47.441918648522105,8.438916287403215
5,47.44552743721658,8.437658167460835
16,47.44642676970141,8.437675045209815
69,47.33487323266651,8.439555451973048
22,47.33667195848166,8.439589201554496
0,47.341180233836575,8.43835046648573
111,47.35017383833632,8.438519053944372
0,47.35375980564486,8.43990993653465
48,47.3564693470372,8.438637099123902
47,47.41941228064877,8.441144155707853
99,47.44189569072016,8.441567536104126
4,47.44639235292681,8.441652255285442
141,47.45358699857878,8.441787835881664
22,47.33574962243234,8.442218294934252
42,47.349228520940976,8.44379546905203
25,47.35103875054431,8.442506007993432
9,47.351027237882185,8.443829370903151
134,47.35552402597345,8.443914135573399
5,47.35732273950061,8.443948045459175
64,47.37530982061399,8.444287270652804
78,47.39331983024654,8.441977898432107
79,47.3924089768621,8.443285356520226
190,47.39511852360553,8.442011767119805
136,47.39510701670408,8.443336225795854
44,47.39599484052405,8.444677663841546
152,47.397816561737635,8.442062574455987
10,47.40230177841891,8.44347190248668
0,47.41039586576779,8.443624582749543
28,47.41850144413529,8.442452269071145
30,47.435565805787235,8.44542535160205
135,47.43918618907604,8.442842267759637
25,47.45537415271509,8.443147696491861
25,47.338424673808554,8.44491515588938
7,47.34740673370682,8.44640811494715
7,47.353713783049166,8.445203657319713
15,47.37348803645838,8.446901178975866
0,47.39326214574805,8.448599962371647
33,47.39598330304566,8.446002143737193
30,47.39775887241681,8.448685197639287
451,47.400480027828685,8.446087163952045
161,47.40046847419223,8.447411755131395
12,47.40677543178989,8.446206216463203
42,47.41036124407109,8.447599096493128
73,47.412171482308175,8.446308283961663
69,47.41126058524448,8.447616130990598
115,47.413970163750044,8.446342311075595
78,47.41486950408296,8.446359325497923
15,47.435542698639416,8.448076280855958
28,47.43645359387157,8.446767844796282
56,47.43734136610125,8.44811038279906
0,47.35547781967001,8.449208028148888
14,47.35546623014211,8.450531499852115
20,47.3734533018114,8.450872936427201
15,47.393250563273895,8.449924373429596
86,47.39504925431672,8.449958510540453
28,47.39593700120972,8.451300057549698
66,47.40043372212179,8.451385525203369
56,47.40224400830471,8.4500950821261
36,47.372542342183976,8.452179754749436
30,47.37343006945076,8.453520771837153
5,47.394103426334134,8.455239169607992
37,47.39682473226806,8.452641649298897
46,47.40849290958721,8.455513772527546
32,47.41481156846602,8.452984066006422
32,47.41388894886186,8.455616787028756
40,47.35899379172299,8.458541122825412
26,47.37159640624452,8.457458143033564
45,47.37339510701611,8.45749252060053
14,47.374306126554416,8.456185772232823
61,47.39676643621314,8.459264137468452
37,47.40757023050872,8.458146137171928
103,47.41027992824189,8.456872941645406
151,47.41115589780431,8.45953984239405
22,47.43995800457826,8.457440558363572
120,47.45344794427732,8.457698776119837
5,47.455246598355274,8.457733215087714
79,47.45523491125043,8.459059167831608
20,47.45612253518084,8.46040238519158
20,47.36165671527513,8.462563602909373
112,47.36437821292639,8.459968038707252
25,47.3679521772363,8.462684515383609
0,47.36976260771846,8.461395243126898
8,47.39225801224542,8.460502394380756
145,47.395843668312835,8.461895857320714
32,47.40843444890156,8.46213770927602
123,47.41204352885269,8.460881955211628
143,47.411132466767434,8.462189549630267
25,47.427320524958716,8.462500702527437
107,47.43450344688177,8.46396448863536
4,47.4444195579206,8.46150366586612
37,47.3472435484662,8.464933868344763
0,47.35175208159896,8.463697032039699
27,47.362544324819225,8.463904518965693
10,47.36883978367826,8.464025591944552
86,47.39671952590624,8.4645621174991
42,47.40749985092781,8.466094718215226
24,47.40929852909891,8.466129410975485
31,47.410197867797926,8.466146758237793
92,47.429095693188785,8.46518588729753
25,47.42999502635834,8.465203225109297
60,47.432693024289115,8.46525524207369
60,47.43358058277751,8.466597993603926
4,47.44077522862478,8.466736915338616
14,47.444372545184,8.466806390348765
85,47.445271873658456,8.466823760574886
29,47.45246649183864,8.466962743608736
4,47.334617192521506,8.46866048702814
4,47.33823820753791,8.466083873425681
37,47.34181205580996,8.468799427634426
49,47.34633242252712,8.466239803571943
46,47.34542128156105,8.467545694143244
70,47.34632063761894,8.46756304438815
18,47.34723177853948,8.466257132075802
25,47.36071030143883,8.46784072819667
36,47.363420145075054,8.466569145475658
18,47.36340835642553,8.467892810658915
0,47.364295903565385,8.469233859593409
83,47.388590095182536,8.468379168913884
98,47.38948943936003,8.46839654738559
157,47.39037697353231,8.469738261649898
47,47.393974345907324,8.469807873247886
123,47.40657693042714,8.468726850277125
80,47.42726166371,8.46912697539234
119,47.42907213270001,8.46783648544389
104,47.433568793946264,8.467923404380498
56,47.43536745660027,8.467958176083606
134,47.43626678753114,8.467975562819971
20,47.437142493345846,8.470643949152667
125,47.43805364357794,8.469335860265902
77,47.446159410273005,8.468166855862098
0,47.447058738016736,8.46818424967974
80,47.33458170889942,8.47262933359023
95,47.33997785425296,8.472733937283444
44,47.35887614280085,8.471776666408559
11,47.382259209385246,8.472229936178186
179,47.38675593361329,8.472317149217252
139,47.389465805060006,8.471045172474161
127,47.39125265153453,8.472404377032966
33,47.404742767181595,8.472666149182905
105,47.40473090868584,8.473990840550213
68,47.40654144492048,8.472701062193499
17,47.435320147664974,8.47325999250126
39,47.44791074547347,8.47350471536579
19,47.44881007189097,8.473522200019831
4,47.45060872392325,8.473557171108265
9,47.33815540688893,8.47534514034149
49,47.34084158661131,8.476720683282268
16,47.34266406367583,8.474109395662493
13,47.383134832068734,8.474895686087702
218,47.38582098070509,8.476272368503796
126,47.38490973700479,8.477579055702265
95,47.385809080804655,8.477596588343644
139,47.38941835417725,8.4763424155603
39,47.393027609902944,8.47508807276638
30,47.4163866185686,8.478193051843256
0,47.42900108639909,8.4757882657072
101,47.43889371935859,8.475980985345942
38,47.43798249416524,8.477288981054093
73,47.438869911265684,8.478632066856465
21,47.44517711672215,8.477429360483871
86,47.444265876988894,8.478737485876747
20,47.448762507766986,8.478825351458534
34,47.33543354232249,8.47793864249227
29,47.337232256333586,8.477973687765239
61,47.33542162320116,8.479261610118927
38,47.345314536158455,8.479454634025394
38,47.3480245201643,8.47818400922109
49,47.34801259825559,8.479507289381518
8,47.37499309804625,8.480034137188893
78,47.381288515913496,8.480157145383108
74,47.38218786032096,8.480174720363621
83,47.40557072609385,8.480631878957048
5,47.408280673230635,8.479359876044164
58,47.41277735552392,8.479447734394101
13,47.41096674751579,8.480737434320332
75,47.41186608351677,8.480755028968591
199,47.415463424933655,8.480825413527784
65,47.44244335230393,8.481353602202311
71,47.375880500934215,8.481375680133905
81,47.374069850706206,8.482664421230808
73,47.37766723324736,8.482734884495125
0,47.37947788227568,8.481446058756092
64,47.382175915651764,8.481498848981573
100,47.385773289968476,8.48156924429579
157,47.384850010663975,8.484200034172948
157,47.39745276531093,8.483122603187422
96,47.40283681854016,8.484553036681067
104,47.40733350455908,8.484641324704096
139,47.4091561240773,8.48202704650772
154,47.409132177166356,8.484676644103851
132,47.41275346779789,8.482097513436145
151,47.416350807378954,8.482167989922562
4,47.425332168667914,8.483669425039361
0,47.446904060946956,8.485418905175873
16,47.45051334917158,8.484163823079655
13,47.33624914552727,8.487217081957706
20,47.33987057320341,8.484641650320556
24,47.34255664065822,8.486017706087827
20,47.35153815598399,8.487517709232902
42,47.37043650129151,8.486565476233345
129,47.37314654317358,8.485294614078883
173,47.374933230824965,8.486653880119288
183,47.37583257598413,8.486671562693177
32,47.37402186661486,8.487960122585372
138,47.37764326997128,8.485382915188376
19,47.37673192089352,8.486689245866048
131,47.38481399259338,8.48817261408763
58,47.38571333479273,8.488190325612557
108,47.38752404025005,8.486901490673752
236,47.387512018434826,8.488225750462806
6,47.39380740321464,8.488349756346558
58,47.39650542145569,8.488402910731153
103,47.40371215097246,8.48722001975137
91,47.40639813534293,8.488597856390129
133,47.40729747143021,8.48861558232761
8,47.409108169472596,8.487326239304963
85,47.36770236285045,8.490483743299038
93,47.369501055693625,8.490519233542
239,47.37219909309654,8.490572473414092
207,47.380305242427006,8.489408145779272
563,47.38120458568254,8.48942587666061
90,47.38748792923577,8.490874268239578
185,47.39018595159597,8.490927544196278
114,47.391984631903505,8.490963064509748
48,47.39468265046164,8.491016349494155
306,47.3973927211415,8.489745135279081
143,47.396481328229,8.491051875826967
61,47.39738066673059,8.491069639896441
176,47.40007868070438,8.491122935717554
83,47.4018773554089,8.491158469275886
57,47.40818476562542,8.489958082585554
4,47.33349080116545,8.493778636141442
61,47.364980181859536,8.493077910180107
147,47.370388338190835,8.491860812807772
184,47.37037625945392,8.493184645448768
98,47.373086374243044,8.491914121529678
37,47.372174950000435,8.493220228691737
103,47.37307429490054,8.493238021217145
151,47.37398571909599,8.49193189230741
99,47.37577232810557,8.493291402409483
104,47.3775710156606,8.493326992884814
167,47.37665957667155,8.494633185836305
0,47.38118046892648,8.492074080202043
11,47.38206773016632,8.49341597962341
121,47.40276462156292,8.49250087521004
153,47.40634987924614,8.493896768624117
85,47.40633777723484,8.49522149517461
0,47.42613519560012,8.494288848127065
86,47.35863629049303,8.498247575817565
131,47.36313302703334,8.498336946080816
9,47.36675467397155,8.495760970897809
96,47.368529102739174,8.498444210372105
131,47.370327792659545,8.498479969979604
97,47.37212648158612,8.498515732009437
99,47.37663534043922,8.497281161005986
118,47.376623199543424,8.498605147683596
150,47.384729418821486,8.497441946183452
326,47.38741529709026,8.49881980710465
104,47.39910669503522,8.499052453328796
120,47.40361552206794,8.497817302339628
102,47.40541419269806,8.49785306448081
62,47.40360337508156,8.49914195994354
50,47.4072249949039,8.496564081328223
87,47.40631352762768,8.497870946460685
39,47.40630138003194,8.499195671194745
175,47.41979136993406,8.49946430941391
162,47.421590030840854,8.49950013816841
38,47.36399586833828,8.502325839749938
113,47.36580674352659,8.501038010681015
290,47.36761760335608,8.499750094058147
166,47.36850477904717,8.501091779620081
111,47.37030346815457,8.501127628614537
0,47.37840972848945,8.49996494897274
31,47.376598872192616,8.501253119220559
63,47.38110775415301,8.500018676348812
245,47.3801840531639,8.502648915773957
49,47.38290643667364,8.50005449763329
43,47.3873909648594,8.501468315217725
13,47.417081211388286,8.50073556355402
108,47.41796836191628,8.502078512686962
162,47.423376524047235,8.500861118795898
273,47.42426367132327,8.502204228919203
4,47.354990200925016,8.503469886150876
88,47.36488301505955,8.503667476979889
139,47.36577014594267,8.505009158895545
32,47.37746160909261,8.505243068686806
46,47.38195831445464,8.50533306142119
59,47.399045737289995,8.505675172890419
0,47.41254796786436,8.504620538204515
24,47.41704462450601,8.504710538048522
55,47.426037918266246,8.504890583524936
19,47.435918280797225,8.506414164666825
126,47.35314256709298,8.508727575704711
59,47.35763930284119,8.50881782121105
137,47.36034960004577,8.507548396262067
179,47.37025463692956,8.506422938593168
87,47.377449376874196,8.506567074071082
171,47.378336470633776,8.507909120879889
41,47.394524568552306,8.508233982058584
122,47.399021247843024,8.508324256446855
158,47.40081991777208,8.508360370486042
180,47.416108570648554,8.508667438700273
31,47.4206052190222,8.508757786571286
4,47.43590603527513,8.507739624623037
0,47.450270654232924,8.510680284268938
79,47.35671539488035,8.511446749526504
175,47.35760243750256,8.512788355259477
105,47.36030047416056,8.512842710936347
164,47.364821792360054,8.510285936481337
104,47.36572113659808,8.51030401464936
180,47.36569654082634,8.512951438855989
243,47.375589306546466,8.513150830764676
27,47.377400296134766,8.511863089496526
145,47.37919897698222,8.511899308301867
16,47.37918666841959,8.513223355334471
122,47.38098534785271,8.513259621304815
277,47.3872807179455,8.513386571554499
197,47.39357607565575,8.513513551918917
53,47.39627408229366,8.51356798129693
32,47.412486690896465,8.511244923855784
28,47.411575059038356,8.512551666713904
92,47.41336140414436,8.51391282925405
58,47.42147998743095,8.511426058140756
204,47.424165667652254,8.512805576737698
87,47.33688042909596,8.516340799651132
0,47.35759011869451,8.514111865383141
123,47.35847713009202,8.515453537511926
33,47.361187499589995,8.514184430198135
97,47.36836991308152,8.515653366919135
36,47.36928159217401,8.514347736972391
330,47.37286662271645,8.515744223079034
90,47.3728542700381,8.517068111802763
246,47.37376596389678,8.515762396157461
259,47.37827500478318,8.514529247334735
192,47.3782503121356,8.517177293617062
47,47.37917434466994,8.514547401752809
255,47.37916200573329,8.515871447556123
46,47.394463084203885,8.514856120987615
152,47.395337719052186,8.517523182484851
42,47.39716108945937,8.514910619316474
72,47.39806042403451,8.514928786657523
70,47.39803572230388,8.517577816877298
8,47.403444081607724,8.516362453291508
145,47.41424840250724,8.51525590412827
75,47.413336725783594,8.516562621525228
82,47.42414101473688,8.515455907554571
0,47.435819890934525,8.517017827117805
163,47.336868069494635,8.517663794392123
0,47.343151142152955,8.519114309566888
171,47.35754069165322,8.519405899728564
52,47.362949137336926,8.51819164507146
118,47.36293675656417,8.519515286765877
245,47.37284190217451,8.518391999910206
289,47.372829519125766,8.519715887400602
114,47.37733860351387,8.518483094970309
229,47.37823794303171,8.518501315833854
178,47.38002423661103,8.51986182572138
0,47.385420264190174,8.519971305420613
44,47.392627341095434,8.518792933622036
156,47.39622468048434,8.518865862776623
0,47.406117342728884,8.519066468941645
11,47.411513327209796,8.519175922020057
134,47.33414525287684,8.520255072440888
152,47.33684330476681,8.520309782026505
236,47.36021391936709,8.522107737966794
178,47.36832041539295,8.52094847116576
165,47.37011909833839,8.520984990553352
155,47.375515141202285,8.521094563560055
70,47.377288976060925,8.52377908824386
217,47.379112498116946,8.521167624604006
225,47.38808102373608,8.523998852514541
177,47.39350188551239,8.521459967812131
156,47.3944012200725,8.52147824452587
174,47.396187469613615,8.522839267400295
111,47.39797370211206,8.524200381610889
76,47.40967744654308,8.523113846667083
153,47.424079116453804,8.522081723789237
145,47.42406669119821,8.523406885177376
4,47.44294002812784,8.525117370820842
30,47.44653730579864,8.525190797169575
4,47.44744907041712,8.523883412089432
26,47.45284497854047,8.523993439556815
10,47.45374429562129,8.52401177964667
152,47.336806043862566,8.524278758847773
104,47.33678112738484,8.5269247402996
108,47.34127787053165,8.527016493304123
0,47.345799528279905,8.524461833931952
205,47.34849756888412,8.524516768540632
97,47.348485115529,8.525840049785263
0,47.3520949529495,8.524590023363675
6,47.35389364351808,8.524626654495048
110,47.35298184396062,8.52593173151668
168,47.35296937438575,8.527255123793223
12,47.35569233310825,8.524663288106701
114,47.35928970934634,8.524736562772011
253,47.370069356045185,8.526280263674712
187,47.375452919135945,8.52771432388318
245,47.37815093407753,8.527769454025721
266,47.379974545920824,8.52515808476745
143,47.38447123204646,8.525249763446814
296,47.38444629349419,8.527898112816205
312,47.39526325298049,8.525469855658098
74,47.39886058515853,8.52554323962079
14,47.40694210069089,8.52703312412539
85,47.413249872827386,8.525836874994543
53,47.41323740447591,8.527161765863557
6,47.43211075139646,8.528873234811028
7,47.43663232338171,8.526314372401899
50,47.44472620704784,8.526479758118228
94,47.45099646552185,8.529260089019747
180,47.3322594031355,8.529478758617206
142,47.335869297240514,8.528229359038098
108,47.334957452098394,8.529533933140616
65,47.343064083640634,8.528376344897996
90,47.34305158600338,8.529699490320855
129,47.34486277782531,8.5284130975813
23,47.35564242194827,8.529957123970405
99,47.358352953180415,8.528688822028155
50,47.363736505442986,8.530122810093788
32,47.36644703190254,8.528854323920548
5,47.36733386947113,8.530196464580087
28,47.37004439379246,8.52892789650956
236,47.37903778108464,8.529111871596408
96,47.37992461223626,8.530454333875651
367,47.38353446533938,8.529203882513242
213,47.38352195830137,8.530528033282103
36,47.390716638325515,8.530675462063225
115,47.396125147660925,8.529461596024628
184,47.39702448020717,8.529480008811705
32,47.3979238124982,8.529498422222856
112,47.39701197003235,8.530804495036515
72,47.44647484940804,8.531819391874285
72,47.44828600665888,8.530530570392578
95,47.447374167112685,8.531837862077086
57,47.45097143525325,8.531911749157365
45,47.45187075161778,8.531930222494884
82,47.45278259087073,8.530622821872308
39,47.45366938354059,8.531967171051122
170,47.337630460606036,8.532235134381738
36,47.34302654519882,8.532345779297842
56,47.343014002031516,8.533668922850453
134,47.35023384076072,8.531170018015128
28,47.35112065573835,8.53251178880601
23,47.35832793562549,8.531335871485359
212,47.360114088707974,8.532696303143506
60,47.361013430654516,8.532714758013391
20,47.36910749705854,8.532880879967028
36,47.37451606547879,8.531667730091904
116,47.37720154334241,8.533047052563745
159,47.3790002175458,8.533083986687576
107,47.3826101001456,8.531833735281081
115,47.384408771752945,8.531870632197306
183,47.389804780516556,8.531981337949144
217,47.39159090877839,8.533342595640427
183,47.391578354287354,8.534666945786277
186,47.39338957490599,8.533379549792327
256,47.39698690410705,8.533453465610874
192,47.39968489832865,8.533508909051335
157,47.40689208117595,8.532332054709757
108,47.40779141022623,8.53235051974437
10,47.408665637253364,8.53501853645796
216,47.40956496536786,8.535037047503787
28,47.41318737910482,8.532461323099911
204,47.416772141336146,8.533860181811464
8,47.42038198975262,8.532609095978474
4,47.43925521252536,8.534322727785021
11,47.43744400768884,8.535611201404146
165,47.450059580885046,8.533219083160963
189,47.45003445979392,8.535870694705183
20,47.45365684496593,8.533293067428023
17,47.45455616031391,8.533311565064418
45,47.453644291183345,8.534618963177033
98,47.3375802019138,8.537527169121626
5,47.33940405660108,8.534918121425541
16,47.364573105833735,8.536759620495856
0,47.36635919158465,8.538120393516614
18,47.3690823833826,8.535528461868246
12,47.36906980376863,8.536852251879127
28,47.37265456200642,8.538250247052714
0,47.37716384438248,8.53701902790414
0,47.376251911053245,8.538324462897243
73,47.39696177741417,8.536102433679833
133,47.39873525134127,8.538788539864614
55,47.40594249007836,8.537612421360626
163,47.40682921490159,8.538955703849686
234,47.40955239148215,8.53636184446877
179,47.41045171912807,8.536380378522479
33,47.411351046515406,8.5363989132046
293,47.41402383165925,8.539104336883158
128,47.41584767956581,8.536491596042692
67,47.41764633096834,8.536528673578104
77,47.41852045870743,8.539197253005407
230,47.42484092614756,8.5366770088709
95,47.42392901021446,8.537983619269507
132,47.423916402564245,8.539308773151099
134,47.42932494590892,8.538095027747096
0,47.43830553996076,8.539606271192353
33,47.44731132952283,8.538466553168114
26,47.33395759201421,8.540098896308425
46,47.33486955690398,8.538794527434382
44,47.33756759930302,8.538850176241048
6,47.33755498151719,8.540173182732739
12,47.36904459898874,8.53949983001765
31,47.36903197382291,8.540823618143781
95,47.370830649995085,8.540860809167915
186,47.37172998770793,8.540879405624716
101,47.37262932517171,8.540898002711392
73,47.38522002338503,8.541158428081982
196,47.38703131992082,8.53987140660034
155,47.38610671272121,8.542501246820688
121,47.389704044150086,8.542575768728305
132,47.3924273165587,8.539982928681367
214,47.39421334899747,8.541344521848595
182,47.39602464257014,8.540057289334035
80,47.397823304046426,8.540094473440844
164,47.39599936438149,8.5427062063755
30,47.40679131280135,8.542929885782288
26,47.41850783712466,8.540522271918672
94,47.42480310256425,8.540652537691928
329,47.4238911416655,8.541959079022085
112,47.424790464303754,8.541977712704066
119,47.43019903415001,8.540764218688313
72,47.4310983551602,8.540782834397735
6,47.431972380800715,8.543452158461498
4,47.44546215385964,8.543732151516783
47,47.33213361725907,8.542707500161184
131,47.37080535326605,8.54350847291551
0,47.37710070905761,8.543638974238268
35,47.37889937989024,8.543676266014392
111,47.382484044648585,8.545074978649833
172,47.38877937610665,8.545205693975577
119,47.392389379025644,8.543956034894775
150,47.401382680054496,8.544142626502854
85,47.41216192653533,8.54569147963141
166,47.4139605770565,8.545728865496875
166,47.41575922653968,8.54576625389783
71,47.41755787498313,8.545803644834562
24,47.422067174754254,8.544572027332807
9,47.42656378582624,8.544665419664945
208,47.42924906439969,8.546046747753367
101,47.36086186035784,8.548597798735411
20,47.36176119952539,8.548616522300545
194,47.38157202170414,8.54638040607618
136,47.38424459795756,8.549084817577413
113,47.38514393063875,8.549103557638734
74,47.38604326306742,8.549122298335027
44,47.39145197390997,8.547910412640748
9,47.395961333162006,8.546679577198654
171,47.40492918536249,8.5495159996997
129,47.41214923044965,8.547016338690316
60,47.4139351688392,8.548378672510564
152,47.41574652960458,8.547091202490277
130,47.41753246506582,8.548453630927328
58,47.41572109014315,8.549741097770301
84,47.41843178847207,8.548472372120271
149,47.4211170285195,8.5498536811576
82,47.42294111542302,8.547240960558364
49,47.42563908079276,8.547297130310367
195,47.42743772306108,8.547334579987195
132,47.42741227806685,8.549985057401544
17,47.429236364278175,8.547372032204759
39,47.430135684491965,8.547390759266412
4,47.3572517725369,8.54984640408998
0,47.3581511124765,8.549865147455384
142,47.3563269298605,8.552474601335945
203,47.35902494840071,8.552530965447467
165,47.36174846977414,8.549940127263541
129,47.36443373958555,8.551320040134094
21,47.37074184571657,8.550127621222622
33,47.37251500776197,8.55281287190747
150,47.38063453049309,8.550333937936925
11,47.37882311380683,8.551620449000119
122,47.37972244757218,8.551639229960566
207,47.382433197193386,8.550371458327371
60,47.38782919124399,8.550484034754595
89,47.39232584599393,8.550577865929062
31,47.39411175351172,8.551939811884143
8,47.39589764396648,8.55330184921592
160,47.40221846403279,8.550784350489094
73,47.40489091987278,8.553490032158871
153,47.40761442443781,8.550897010885505
0,47.41208552208049,8.55364062445132
12,47.41749423620801,8.552428605298045
154,47.41568281697303,8.553715935916763
84,47.422003606650534,8.55119755068102
62,47.424688811032006,8.552579089984025
92,47.35360334718054,8.55506504638027
164,47.35540202707082,8.555102707334912
134,47.356301366648204,8.555121538768509
100,47.357200705980226,8.555140370839675
105,47.35718790138978,8.556463860934972
28,47.35988591726921,8.55652042798376
127,47.36349607441371,8.555272213192831
101,47.36710621413161,8.554023829244397
135,47.367992758740435,8.555366405437404
86,47.376086774867176,8.555535991677825
65,47.37788544237009,8.55557368453029
97,47.37697329944518,8.556878819441346
98,47.37967129892912,8.556935428652528
38,47.38057063158836,8.556954299668112
86,47.381482774365516,8.555649077896991
67,47.38236929615244,8.556992043617297
34,47.38509289837257,8.55440029798732
10,47.39858284537252,8.554682817002279
107,47.40128082788986,8.554739338042175
4,47.40126802800095,8.556063924118561
179,47.40577746028674,8.5548335525491
70,47.407576111444094,8.554871242823555
85,47.407563310056744,8.556195985526067
89,47.40755049347463,8.557520727588898
76,47.412059932360684,8.556290334292575
30,47.41655654818687,8.556384699055775
155,47.423763925208036,8.55521057033552
17,47.430945674978226,8.556686773849982
132,47.352665550768016,8.559016350227552
373,47.355376403565714,8.557749597548764
75,47.35536356904319,8.559073041697502
205,47.35717508161892,8.557787350391912
77,47.36345761060258,8.559243150660476
119,47.36526912067255,8.557957269826641
34,47.369752962423966,8.559375493477729
84,47.37516180781358,8.558165019478055
57,47.40304103508818,8.558750912478194
166,47.403940360924835,8.558769822502638
47,47.40302818919091,8.560075541380343
157,47.40662549013452,8.560151274826282
121,47.409336310537164,8.558883296112654
52,47.410235634569226,8.55890221062523
116,47.41113495834257,8.558921125779117
106,47.41022278695319,8.56022701854294
237,47.41202143381125,8.560264894253539
415,47.41383292810833,8.558977875089012
67,47.41292075685167,8.560283833072035
299,47.41921601086043,8.560416422784673
60,47.35084115825777,8.56162522217168
0,47.35263983747201,8.561663102609305
0,47.35803586923769,8.56177675931214
140,47.35984741048513,8.560491095464345
37,47.35983454452801,8.561814650010731
140,47.365230564479546,8.561928337503609
192,47.36612990027256,8.561947287664891
108,47.36972724096352,8.562023094727964
31,47.37062657551485,8.562042048098405
69,47.371525909817194,8.56206100211079
29,47.37512324453217,8.56213682458051
18,47.37872057524557,8.562212657324311
0,47.38320434625199,8.56363159764001
40,47.405687534494696,8.564106424729568
77,47.40841127667917,8.5615139079179
44,47.410184152932715,8.564201438440625
26,47.42008958626515,8.563085473100248
155,47.427284141075766,8.563237406149526
113,47.4290698794217,8.564600671987858
101,47.433566463925445,8.564695769514943
105,47.43716372676967,8.564771859152142
57,47.347205116990985,8.565519190827548
61,47.3490167057766,8.564233915476503
74,47.34991604556344,8.56425289875001
99,47.34900379686427,8.565557200102015
28,47.35170181484581,8.565614218838688
0,47.35350049227857,8.565652234546882
7,47.35529916873208,8.565690252829093
0,47.3562114172287,8.564385799659384
89,47.35979585556973,8.565785309797883
105,47.36609120678873,8.565918416593366
0,47.36697761327746,8.567261165124464
34,47.372373616153645,8.567375419718918
82,47.37599679237357,8.56480369336343
32,47.377795456868554,8.56484169914253
37,47.38048053526528,8.566222779218878
65,47.37956827267682,8.567527795302125
94,47.402950794746545,8.568023301289497
4,47.404749443144595,8.568061435223248
139,47.409258998203065,8.566831999695664
86,47.41017124453507,8.565526243785502
111,47.411956965643746,8.566889148002137
96,47.42724540357341,8.567213098244649
55,47.429031095020996,8.56857649651537
112,47.438050126724285,8.566116382659365
23,47.3381728930372,8.569298229404128
31,47.34358189355982,8.568089479405705
52,47.34356894041157,8.569412628143418
32,47.35166299509489,8.569584269816595
22,47.357046048987264,8.571022209685085
94,47.35885769375436,8.569736884099227
89,47.3597570299813,8.569755963791142
129,47.359744057756295,8.571079513831169
53,47.36064339352012,8.571098616506724
16,47.36334139933102,8.57115592841451
4,47.36514006863556,8.57119413958767
4,47.3705490454232,8.569984970495472
17,47.371448378429854,8.57000405858875
31,47.37954236424646,8.570175880526207
87,47.40203851812783,8.569328837312678
126,47.40291189241456,8.571997172528972
148,47.406509185578685,8.572073711483597
30,47.41013242817011,8.56950065594648
15,47.411918102392804,8.570863692506101
121,47.41462903581449,8.569596133399573
24,47.4146030800907,8.572245962086829
0,47.42901813648608,8.569901770064062
92,47.43348875181718,8.57264808467053
154,47.43438806662516,8.572667240510883
54,47.441595567519926,8.571494924769677
7,47.44699143932497,8.571609770219041
5,47.33185154727522,8.571810508813764
27,47.33365023320108,8.571848719373541
14,47.33543592144292,8.573209878437149
60,47.35432205061864,8.573611741479162
66,47.3597310703502,8.572403063224405
10,47.36241607301164,8.573784055967122
0,47.372321745482274,8.57267087235194
128,47.40828181715002,8.574761497614016
5,47.426281220365794,8.573820065758825
56,47.42716751816416,8.575164464956814
51,47.42897916967739,8.573877586818078
103,47.42806683438359,8.575183661037583
42,47.42987848558805,8.573896761805344
152,47.4325764317375,8.57395429067021
41,47.43346272616569,8.575298851198125
96,47.44246888055693,8.574165279945378
89,47.44606612668721,8.574242022846017
185,47.447864748147644,8.574280398203193
33,47.33449749873267,8.577159516143078
60,47.34801367119397,8.574801013172051
21,47.358792681904916,8.576354516140011
47,47.3848863391785,8.575587156817427
0,47.40104810538318,8.57858178896677
119,47.40374607391727,8.578639523914264
96,47.40736946588988,8.576067048877054
129,47.40735642138895,8.57739178125362
86,47.409155064166,8.57743023494511
202,47.40824268299287,8.578735761875745
36,47.41004132481618,8.578774261628372
51,47.41903451836952,8.578966799558959
82,47.42444348583392,8.577757196634142
72,47.42535585127071,8.576451255473073
34,47.427154484062186,8.576489690467636
48,47.43255037611818,8.576605011097955
40,47.448711870713346,8.579602638289261
54,47.33448444153,8.578482437151175
44,47.33537071021016,8.579824598302748
187,47.33627005102636,8.579843839747554
21,47.33625696303882,8.581166804087413
29,47.33805564351169,8.581205333566434
19,47.33898114549805,8.5785785360424
24,47.339854323019914,8.581243865653178
47,47.34167916498419,8.578636203182318
20,47.343451679135335,8.581320937651032
47,47.34617585928428,8.578732328094103
47,47.34797453530391,8.578770782613867
28,47.34796145965184,8.58009403779381
35,47.35154571618815,8.581494387801067
112,47.35963973343867,8.581667890803404
85,47.40192126613582,8.581250226289772
144,47.4055316438683,8.580002703460726
4,47.41092756957516,8.580118333070496
125,47.416297286212576,8.582883894006867
151,47.417196604261434,8.58290321658729
121,47.41902144063647,8.580291821598049
63,47.41900834770564,8.581616842983314
38,47.42530356461169,8.581751971845067
9,47.42710219565368,8.581790585984399
4,47.4316118646498,8.580561797917488
11,47.44328982747872,8.58213823116233
50,47.44688706729375,8.582215514485585
51,47.44777326142955,8.58356057445692
32,47.44958499434329,8.582273483863458
81,47.45048430282303,8.58229280830113
56,47.34793526281465,8.582740546198167
39,47.347022804616635,8.584044482528965
38,47.356928621701535,8.582933527779533
28,47.35781483264541,8.584276328397094
18,47.36051283413177,8.584334304582745
4,47.382996092941774,8.584817668596818
70,47.400083264397004,8.585185299147662
136,47.416271025680196,8.58553379918702
0,47.42168006660752,8.584324926558628
44,47.451357363773326,8.584963787042476
26,47.45044490978097,8.586270220545329
76,47.4549414448472,8.586367188804022
62,47.346084014057446,8.587994788076053
22,47.34970767812281,8.585425732391403
15,47.34879519005669,8.586729666105187
9,47.35150635000253,8.585464415411456
31,47.35510369082628,8.585541789309042
67,47.35960036133331,8.585638521416934
114,47.35867470418902,8.588266212813945
4,47.38205728591086,8.588770628828646
10,47.383882274892116,8.586161157926293
27,47.397372147628495,8.586451718177116
154,47.40005695099924,8.587834396104007
241,47.402741735548396,8.589217213516488
115,47.40364105637999,8.589236638140111
256,47.40545287808089,8.587950807632195
132,47.40816400442164,8.586684272758117
98,47.4117612817694,8.586761811977803
102,47.415358554968634,8.58683936171458
0,47.44860676529336,8.59020870969427
124,47.45401579854833,8.588999578027957
103,47.454928282318434,8.587693103646563
9,47.3460708326023,8.58931799402675
63,47.358661519650546,8.589589731393774
103,47.36134631737765,8.590971562521705
159,47.40003057683215,8.59048349043003
56,47.41891627165422,8.59089197430916
50,47.419789142935095,8.593561509546527
213,47.44499632718186,8.591456549596778
89,47.44498310625612,8.592782215256545
7,47.44859355868856,8.591534465656043
32,47.34423252501508,8.593248664875246
25,47.345131861216295,8.593268136075608
56,47.34603119717448,8.593287607935
44,47.35409870633911,8.596109692224971
28,47.35592387661409,8.593501841895334
81,47.35591063201708,8.594825290837305
92,47.35589737224032,8.596148739119034
40,47.38467589182108,8.596773849218073
69,47.385575216425686,8.596793394828932
0,47.39456844852374,8.59698888736876
116,47.397292937947,8.594398594543794
366,47.39726641318778,8.597047548050726
77,47.41168205089129,8.594710836300383
240,47.410769475158695,8.59601612892309
42,47.41977589780603,8.594886546738714
10,47.4206752128263,8.594906073431316
80,47.419762637479096,8.59621158326868
110,47.451238498361775,8.596896195824185
50,47.341494746256174,8.597159528355329
136,47.343280131514575,8.598521735759466
57,47.34958876389436,8.597335377860462
65,47.35047480916565,8.598678232973429
117,47.360380756624906,8.5975699272198
67,47.3612800877537,8.597589477301499
89,47.382863960240236,8.598058877947453
0,47.39095787512187,8.598235001603532
0,47.394541864332126,8.59963770402196
45,47.39544118569775,8.599657301652611
273,47.39995108971623,8.59843075756552
312,47.39903846860427,8.599735698817687
13,47.40983029266555,8.599970954101698
77,47.41613881120458,8.598783285561328
50,47.418836756616436,8.598842061147884
60,47.419722765311434,8.600186688877688
78,47.42152139331272,8.600225922029185
4,47.33247478642438,8.599609935253708
25,47.34413951426234,8.60251076168436
63,47.345951516539614,8.601226817936208
67,47.35674351302901,8.601462139401924
32,47.35855549684172,8.600177856304743
11,47.36032750055221,8.602864157782328
162,47.36124016780369,8.601560218231553
0,47.39451521937787,8.602286518018476
14,47.39991114106326,8.602404382184293
0,47.40170977957536,8.6024436755665
13,47.40621970432574,8.601217223191401
40,47.4116022729731,8.602659836795617
31,47.41248823927574,8.604004345282643
40,47.41428687010971,8.604043702082746
13,47.417011500900266,8.601452810855216
90,47.421494734986766,8.602876078661744
125,47.33243479676871,8.603578528929745
54,47.34231413404252,8.605117726857186
67,47.341401421474664,8.606421142477219
90,47.34320009064382,8.606460528023447
121,47.344112803173594,8.605157069091195
94,47.34409942486464,8.606480221796303
33,47.34591147133332,8.60519641398837
16,47.34589809257739,8.606519611341694
20,47.35401883157237,8.60405010001668
25,47.35581749480461,8.604089414901866
19,47.37920002674489,8.60460075077751
151,47.39446174718171,8.607584138017199
125,47.39537445826661,8.606279443480423
0,47.39987105568073,8.606378000809793
25,47.34318669738221,8.60778365773907
26,47.39262284406217,8.611517750158514
179,47.396246980504586,8.608948050404255
212,47.39533423951758,8.610252720567182
55,47.405213298859394,8.611794977404495
17,47.40701193114702,8.611834592037619
12,47.42592438079357,8.60960033674838
0,47.45109154567457,8.611480177870128
7,47.386314148325205,8.612703385913974
18,47.38720000475572,8.614047422908843
28,47.390797286987,8.6141267800575
70,47.392609392914785,8.61284210674798
143,47.39259592657737,8.614166462665773
152,47.396193202698605,8.614245835951765
4,47.40248842605824,8.614384765098249
110,47.40518637507258,8.614444316253115
44,47.40698500645965,8.614484020387833
0,47.40969642221878,8.613218800667127
17,47.41328020816528,8.61462300606259
59,47.41868955807882,8.613417158107357
36,47.421374020207494,8.614801750411576
29,47.422286805121594,8.613496519919746
38,47.42588404797106,8.613575892499489
12,47.334099182069785,8.616846860453906
98,47.33682416652759,8.614260521110772
35,47.3448911842257,8.617085292405864
39,47.34670334825422,8.615801826155382
36,47.34668984785815,8.617125040479488
18,47.362005442499445,8.614815819179128
65,47.36287777649537,8.61748289426666
60,47.39075679818869,8.618099709594238
34,47.39435407364237,8.61817934586767
115,47.395280401847636,8.615550413962172
117,47.39707903843575,8.615590148029314
25,47.402447928458066,8.618358566961307
50,47.41596466046917,8.616007518415717
40,47.42405846342809,8.616186482434781
28,47.42945432026305,8.616305822134093
43,47.429440814287396,8.617631094264784
29,47.34397833714889,8.618388566057002
75,47.36103851859274,8.62141383279865
51,47.36283717203613,8.621453739129409
59,47.364662910215415,8.618846329570506
0,47.36734735244164,8.620229790798334
131,47.38711889587814,8.621992739250492
97,47.38803177180475,8.620688471625053
40,47.38801821546077,8.622012711687505
76,47.391642590563066,8.619443948510625
96,47.39431344542201,8.622152537698561
70,47.39613918183635,8.619543610737912
71,47.397024955905295,8.620888009586675
56,47.398837133533426,8.619603416181361
51,47.399736450253364,8.61962335268059
118,47.40063576671665,8.619643289855592
63,47.40333371456467,8.619703105435628
36,47.41412548272359,8.619942428600059
39,47.417695618014214,8.622672182016416
25,47.42131997404235,8.620102031484256
27,47.42401790397161,8.620161893730563
66,47.42848733069933,8.622912172414924
53,47.442903346977126,8.620581100076357
177,47.44378909565845,8.621926698252315
60,47.442876221815766,8.623232311619823
82,47.44468839905099,8.62194669099579
35,47.4455741313118,8.623292357072527
20,47.44919846856132,8.620720901917705
11,47.45099707231285,8.620760851401785
12,47.450084213777906,8.622066661706523
88,47.33584370900968,8.622178371558359
28,47.357427644919355,8.62265750782899
79,47.358313393295425,8.624000981532317
31,47.388004643928205,8.62333695107318
8,47.38799105720697,8.62466118978132
39,47.39340055472616,8.623456934082277
80,47.405091663222365,8.623716980984717
4,47.4068902914416,8.62375699837256
22,47.43656750652058,8.62441767726134
114,47.441050429080555,8.625843403918918
34,47.44735914977971,8.624658107564766
86,47.331306275326455,8.626047093053577
6,47.35380316066539,8.625224403229996
6,47.36189710502582,8.625404557392836
21,47.367293056810986,8.625524690672107
7,47.36638012049676,8.626828367696698
26,47.36727944494638,8.626848413947078
86,47.39424542791318,8.628774510532207
90,47.39607131396208,8.626165814013541
61,47.39785632681023,8.627530390663482
94,47.39965495778116,8.627570531414449
83,47.399641322530805,8.628895058826721
91,47.402366523053885,8.626306152438358
42,47.40595015808336,8.62771104547501
64,47.407748784420704,8.627751198474241
7,47.41223170729091,8.629176433546386
159,47.41765483535122,8.626647113009028
11,47.4230370663402,8.628092608928917
109,47.42483568277808,8.628132787806639
20,47.42663429816466,8.628172969410079
22,47.44103681374112,8.627168962500825
97,47.43921093099563,8.629779829391575
27,47.446418997525235,8.62861514703574
4,47.44820395258464,8.62998109785163
0,47.332178357786425,8.628712815815568
7,47.33307769106809,8.628732880923488
8,47.36364122170322,8.630739130677107
22,47.36543987047624,8.630779353824158
42,47.369050822910445,8.629536042369537
0,47.36903716504117,8.630859808291659
4,47.376231742196744,8.631020749929085
24,47.38973519410959,8.629998353055045
38,47.391520165188304,8.631362895766324
23,47.390607169677,8.632667065794044
55,47.394231778840336,8.630098903059437
59,47.39603041094678,8.630139127832113
50,47.399627672088556,8.630219585557915
26,47.41668725103861,8.633251810512489
72,47.41758656030679,8.633271984379517
113,47.44008289771038,8.632451020743286
123,47.4400692065822,8.633776553506625
68,47.44186781113144,8.633816937527397
78,47.44637801055926,8.632592219963726
0,47.450860817818935,8.634018898750957
40,47.45355871458461,8.634079500485814
5,47.332137366714896,8.63268136515908
14,47.33300929560943,8.635347237990576
23,47.351895214672936,8.635771105897689
46,47.35910353827768,8.63460914119631
29,47.359989147029424,8.63595285582588
99,47.3626871200437,8.636013451443628
5,47.368096777752385,8.634810920298778
26,47.37259338816715,8.634911835477943
84,47.37439203058406,8.634952206335067
22,47.38248590903422,8.6351339090426
26,47.39149279246398,8.634011543226856
0,47.39146535898156,8.63666018795237
19,47.392392108724295,8.634031720316933
34,47.423854298254376,8.636063477793567
38,47.42565291142057,8.63610392672349
5,47.42743779001399,8.637469595527813
59,47.44365270736347,8.63518294598787
63,47.443625247252754,8.63783418732655
33,47.332995570998634,8.636670107358949
48,47.34827043282964,8.638336842851205
45,47.350069087225556,8.638377310778504
84,47.36086099299428,8.638620175889315
41,47.369867969820774,8.637498854708657
222,47.37435082509694,8.638923896085187
6,47.437302617517915,8.64034330010204
61,47.34735734663226,8.639639835025257
59,47.3482566739667,8.639660090287348
102,47.359934129984325,8.641247008154908
5,47.36804181316405,8.640105879587567
110,47.37072599761076,8.641490499911468
139,47.37433705956525,8.640247791297515
29,47.373410163244316,8.642875259804342
0,47.39502135375301,8.6407143096436
36,47.409410348376795,8.641039058678782
26,47.40939655867195,8.64236382535368
58,47.40938275377261,8.643688591339481
23,47.42826819869667,8.644116032086547
56,47.43186541317355,8.644197483895326
14,47.34821530631425,8.643629828478993
31,47.34910081291064,8.64497341842152
0,47.35628157661107,8.646459650209723
13,47.366201787612745,8.644036417773137
126,47.368000430302864,8.644077091848512
152,47.36798660565016,8.64540082789229
75,47.369785246882145,8.645441549409512
0,47.377892947246046,8.644300848518919
57,47.39318132257105,8.644646818333992
29,47.408455789084776,8.646317729756618
51,47.40754262950056,8.64762205812445
61,47.40935509839045,8.646338121240742
22,47.410240556722506,8.64768329970799
86,47.4291536775314,8.645461651787205
63,47.44532725573259,8.647154347961129
130,47.44531339597775,8.648480007579177
17,47.45162233957847,8.64729730156015
14,47.331958160774334,8.649878341214233
0,47.35536840085773,8.647762699055791
4,47.356253857413726,8.649106538068871
23,47.35715318068028,8.649126956521206
4,47.35623997504588,8.650429980961906
6,47.35805250370033,8.64914737566486
12,47.36523319427632,8.650634419963437
0,47.371556190411084,8.648129922455965
41,47.38324732146812,8.648395278619923
4,47.39403909684247,8.648640326527941
0,47.39222659369538,8.649923815786027
7,47.39491064029494,8.65130956016934
8,47.40571626536564,8.65023058060639
0,47.405702370229086,8.651555252938527
0,47.41562253685545,8.649130721446896
12,47.44348703444741,8.651090352643337
84,47.44529952101827,8.649805666503482
77,47.44437242764872,8.652436473467937
21,47.445271725485505,8.652456982267813
54,47.446198819052114,8.649826131183234
37,47.44617102305418,8.652477491763714
38,47.44796961738657,8.652518512843754
92,47.382292418441715,8.653671224499496
47,47.384990363684395,8.653732743328417
9,47.411084309544094,8.653002942704976
61,47.331916441414016,8.65384685762762
20,47.38137916843047,8.654974786034055
102,47.38225056890817,8.657643488738701
0,47.393056295614855,8.656566050811318
0,47.40026473750975,8.655406004195312
6,47.34355184803821,8.659405775380522
8,47.35253108250509,8.66093502831804
30,47.37953864397365,8.658905794609957
0,47.38043795913147,8.658926387517457
55,47.3840212213658,8.660332896823583
89,47.38490652373246,8.661677667932642
139,47.38851778713355,8.660435997572108
80,47.39121572354554,8.660497866406288
15,47.451483041504424,8.66055543515005
0,47.34172518235053,8.662010762291231
0,47.346207772583085,8.663437112624418
58,47.38669112287468,8.663043148619625
81,47.387590435305945,8.663063814184767
69,47.38847570487543,8.664408720839129
63,47.33897099646886,8.667240917522893
17,47.34079778173048,8.66463624448642
173,47.38396508600385,8.665629412626684
21,47.38485032668245,8.666974270357995
52,47.38573555144962,8.668319172801972
102,47.38753417468489,8.668360682095154
4,47.43072900674443,8.666707169102501
0,47.430714922693205,8.66803245981687
12,47.4360966121687,8.669482497450831
0,47.3335468504037,8.669762374988462
0,47.33625893140327,8.66850171039509
59,47.33985623046608,8.668584666586376
60,47.338043476074084,8.669866173030949
0,47.34615149448767,8.66872986694507
108,47.38392282501746,8.669601792114763
91,47.38390870764783,8.670925917204041
55,47.42978741017735,8.670662227934736
75,47.429773280761566,8.671987494138822
0,47.440578978413114,8.670912008899995
17,47.441478274035504,8.670932828571454
41,47.44146414154584,8.67225838596362
57,47.38208180397411,8.673532482762477
65,47.38298111578724,8.673553323662146
47,47.384779738654345,8.673595007579848
16,47.42704708043688,8.674575393535115
78,47.42794637933202,8.674596269790582
0,47.4306442744325,8.674658902806138
5,47.42969788966392,8.394944198050965
4,47.44498668896949,8.395218833900918
149,47.400896831223086,8.397076891493178
232,47.40539358446859,8.397157786482648
100,47.40900196037827,8.395897698390382
0,47.41709609242718,8.396043162216134
4,47.41708511284898,8.397368177641384
38,47.4260895478526,8.39620484076632
8,47.42517922225146,8.397513887398725
45,47.42696691356268,8.398871534583934
41,47.42967594056662,8.397594856484986
0,47.429664943214775,8.398920184878312
19,47.43148560857551,8.396301874221834
62,47.399076130743154,8.39969367129303
64,47.40625991105173,8.40114820427499
143,47.40717028326977,8.399839685060334
40,47.42425787010734,8.400148082700635
60,47.42604553098653,8.40150579487217
4,47.445842055477044,8.400537921805215
4,47.44674139322703,8.400554171991573
8,47.39635601824578,8.40229400745847
22,47.394546263138075,8.403585933014284
47,47.398154721386845,8.402326537302024
60,47.39904302070173,8.403667368102964
13,47.40533847058301,8.403781400415493
101,47.404428053189626,8.405089807182796
324,47.410734560486546,8.403879163937235
204,47.40982414352395,8.405187701671693
17,47.44490957916173,8.404498795084917
60,47.44760759074774,8.404547747364237
114,47.44759651367919,8.40587352113588
100,47.400819571876404,8.406349163946912
82,47.39990912411293,8.407657415739305
318,47.410712406343166,8.406528874221403
160,47.41070130647638,8.407853728532839
51,47.421482334437975,8.409375243623769
63,47.42238167800313,8.409391635681024
56,47.42328102130762,8.409408028294232
27,47.424202584855706,8.406774041728484
24,47.424191482203796,8.40809923187359
16,47.42509082517251,8.408115603203852
96,47.42507970713414,8.409440815188647
28,47.44397696683424,8.408459529461823
42,47.44487630400519,8.408475913015993
24,47.39808818335493,8.410273785081081
10,47.44215603334302,8.411078038731265
0,47.45564606529894,8.41132450621739
5,47.35397509604908,8.414764638725366
62,47.38905001354062,8.415407075113311
8,47.39354677034194,8.41548950015293
122,47.39626718229552,8.412889975442717
211,47.39716653250798,8.412906419060416
120,47.398054709231936,8.414247401476965
81,47.40616002060389,8.41307088589571
115,47.41424296135838,8.414543894793896
8,47.41695217242666,8.413268319710744
14,47.418728490514056,8.415951338615159
23,47.4214265199699,8.416000847317402
9,47.39173686607136,8.416780908997675
109,47.38992694634671,8.418072230052445
180,47.397132967787776,8.416879964993795
43,47.39892044732604,8.418237547073241
108,47.411511305829094,8.418469085060929
169,47.41241065093744,8.418485627694166
14,47.41871728258384,8.417276390504876
0,47.34761217187908,8.422589123782892
0,47.35751641297115,8.421448140679521
43,47.38089968322026,8.421879300561658
128,47.38719515028769,8.421995446960794
68,47.389904466523845,8.420720898860482
82,47.39080381738667,8.420737472773274
152,47.39708800212851,8.422178018400334
0,47.401573462465244,8.423585651734717
5,47.44205511808496,8.4230087472453
75,47.38086580964617,8.425851627023377
84,47.388959974228825,8.426001566919975
95,47.39795346643888,8.426168220444364
111,47.38533991004586,8.428583359737923
46,47.387138611775306,8.428616770857166
104,47.38892595884482,8.429974492052184
42,47.38984800112943,8.427342561039051
45,47.39074735104825,8.427359246780501
79,47.389836662478515,8.42866689178158
24,47.392523356496305,8.430041415076897
18,47.397942141274704,8.427492753070583
211,47.39703145321803,8.428800572493543
69,47.39793080091762,8.428817285131105
49,47.41862707198318,8.427876785385031
28,47.41952641369873,8.427893489236757
99,47.45279052060389,8.429837828440016
44,47.45370120421978,8.428528655671915
0,47.3367291270222,8.43297415883539
34,47.356526460683604,8.432019597400425
13,47.372714873591036,8.432321259702215
12,47.38351848709489,8.431198297592738
49,47.39070190454112,8.432656655812957
21,47.389791155968645,8.433964209082502
21,47.39248920211507,8.434014603498081
65,47.39608659342833,8.434081804022433
0,47.44017710751057,8.432254585698459
68,47.33490757817046,8.435586561966215
27,47.35560430254156,8.43464980149687
6,47.356480800128836,8.437313599918173
13,47.38708169351597,8.435238080601938
13,47.394253606029395,8.438021520127624
158,47.39697452449069,8.43542311242611
52,47.42034602027484,8.437185822912037
25,47.44371731497142,8.43895008371171
43,47.452722089616415,8.43779320549299
12,47.45362141996181,8.437810087825323
95,47.454520750038746,8.437826970730717
33,47.45631940938651,8.437860738260857
42,47.335772595693875,8.439572326478276
9,47.351061730329775,8.439859280455543
36,47.35196108901174,8.439876165243648
90,47.35467063148523,8.438603369075269
81,47.35286044745016,8.43989305060334
51,47.40232478010625,8.440822626600843
0,47.41041887091717,8.440974904042886
0,47.41132969302646,8.439666964029856
45,47.4194237623491,8.43981909163159
115,47.440097023976996,8.441533652456252
81,47.44370584328915,8.4402757531688
17,47.334861753815105,8.440878414167754
4,47.33305153378348,8.442167539221094
10,47.33395089690558,8.442184457219701
23,47.33304002496637,8.443490455635704
77,47.33844770892526,8.442269055799903
24,47.35194960651694,8.4411995516315
0,47.358222095897034,8.443965001263125
8,47.36543995452377,8.441453227144084
144,47.39239745534652,8.444609747516774
35,47.39420767034391,8.443319268795992
30,47.396006362810155,8.443353183370414
44,47.402290254784106,8.44479653956753
0,47.40589915314228,8.443539754630187
0,47.409496523757525,8.443607615975274
73,47.41218302325973,8.444983401280835
24,47.41759059254818,8.443760337656077
15,47.43558885212124,8.442774420040289
15,47.33572658846971,8.444864261100225
20,47.34921699348438,8.445118786724889
44,47.35641185386209,8.445254586572458
4,47.36809192184668,8.446799125999856
63,47.37347647342863,8.448225098703487
51,47.37527517592436,8.448259165674907
37,47.39416149159008,8.448617008269716
4,47.39688264851185,8.446019146627531
5,47.39778199372344,8.446036150094155
60,47.3986813386803,8.446053154137092
85,47.40405427904532,8.44880455128382
22,47.40767477418668,8.446223226271128
42,47.40766321900456,8.447547996465843
53,47.414846375428894,8.449009223437491
5,47.417567523526955,8.446410372226744
5,47.41755596621883,8.447735388646878
21,47.4364420325025,8.448093331538251
32,47.376162948002225,8.44960018623346
34,47.374352652796574,8.450890014327335
65,47.39414990892227,8.449941441695799
208,47.3977356903392,8.451334242873093
129,47.40044532133875,8.450060935757818
15,47.40314335140393,8.450112156178362
89,47.412125166533606,8.451607808908875
0,47.36712297071891,8.45472469025092
28,47.39862342049978,8.45267588052391
46,47.398611791284765,8.454000424063889
37,47.39680145942334,8.455290646312243
0,47.40039883331004,8.455359290060306
56,47.413012889479305,8.452949813886688
105,47.41119093038618,8.455565277158572
61,47.45345961578244,8.45637286762985
34,47.45435894315112,8.45639006440268
0,47.33832026457235,8.456822577786301
68,47.35810611890226,8.457200385487608
87,47.359005473115985,8.457217565251199
15,47.36891002157998,8.45608277712094
44,47.36980937302976,8.456099941519476
20,47.371608075185165,8.45613427206058
16,47.37158472211854,8.458782013424388
97,47.39586709268996,8.459246910874874
27,47.39858848727594,8.456649509400386
52,47.39767746927295,8.457956845805745
24,47.40128651595781,8.456701061948785
61,47.40848124784147,8.456838561044332
91,47.41206692988802,8.458232202039738
0,47.42646800520679,8.457182472001316
4,47.4345503293414,8.458662745343897
0,47.44443127309015,8.46017798327749
25,47.3526749028593,8.461067521036705
81,47.35988144872603,8.459881904840682
50,47.36078080205816,8.4598991304474
54,47.36076908991042,8.461222731534853
108,47.360757362580436,8.462546332038285
20,47.36527756502723,8.459985267230628
73,47.367963906134,8.461360736134699
49,47.36977432182343,8.460071418599691
32,47.40123972327811,8.461999494104987
65,47.409345511172525,8.460830180246427
123,47.428208117002136,8.463843272515492
69,47.43003025366971,8.461227256286264
91,47.43001852643437,8.462552579814169
38,47.43182892039885,8.461261799278573
109,47.43362758607501,8.461296344614674
42,47.43542625069644,8.461330892294836
90,47.43451519030123,8.46263905369195
20,47.43540277866781,8.463981807573921
34,47.437213185456216,8.462690945060062
150,47.452501779514634,8.462985095948135
284,47.45340110617256,8.46300240422734
58,47.4542886848181,8.464345641072716
41,47.34725530321455,8.463610604027942
9,47.396707760348626,8.465886611041416
80,47.42998325351771,8.466528546875002
0,47.43088258622745,8.466545907673769
183,47.435379245826056,8.466632720502583
128,47.43718968223447,8.46534194878002
72,47.45156716550301,8.466945368665652
34,47.454276921865684,8.46567156846303
5,47.33643949044659,8.466049228731075
24,47.36072208949747,8.466517130036888
32,47.36252079346206,8.466551806408965
117,47.39038878328462,8.468413926446189
97,47.38947762980515,8.469720860224704
34,47.39489729465385,8.467176382956675
21,47.39579663725355,8.467193743182191
51,47.408375608324384,8.468761631378943
19,47.40928674559078,8.467454217189315
65,47.42727346636165,8.467801721996993
96,47.43175832659837,8.469214000422063
91,47.437154313373604,8.469318449944817
35,47.43624316307464,8.470626517018236
0,47.4380418233524,8.470661381878568
19,47.449733089257485,8.470888061154959
62,47.45064423853151,8.469579666805139
16,47.45063241553627,8.470905502165092
13,47.343575279675505,8.472803684879242
26,47.3453976666049,8.470192129358121
10,47.34538583636016,8.471515346082835
36,47.357089271263916,8.470418308990476
8,47.359787328015635,8.470470518427785
104,47.392163834888734,8.47109744561479
94,47.39215199435953,8.472421824369684
77,47.393950679248555,8.472456720816968
37,47.41642229297813,8.474218108406813
8,47.42542749874494,8.473067791782317
4,47.42541563568654,8.474392998021331
53,47.428137345511104,8.471794929029294
57,47.42632683177818,8.473085261611537
70,47.42811363340466,8.474445476473548
57,47.42993601013815,8.471829828041034
62,47.442514781363435,8.473399819901896
47,47.440704258097014,8.474690446547797
12,47.44522461683828,8.472126565269724
33,47.44972125125286,8.472213873507494
53,47.33365861927566,8.475257751831036
127,47.33546920863682,8.473969736057994
28,47.33906663808107,8.47403956113416
19,47.339042874125674,8.476685677910098
9,47.350746380148045,8.475589906851448
10,47.35073448800042,8.476913255188864
58,47.38401039295308,8.477561523654913
122,47.387619667946176,8.476307390845301
108,47.38850711069084,8.477649189832292
109,47.39120513830242,8.477701796668423
133,47.40561837359665,8.475333032289136
28,47.40740516054647,8.476692793313063
122,47.41281307313722,8.475473061364006
104,47.413712409418046,8.475490567669112
234,47.4145879480985,8.478157946720751
80,47.44246722281116,8.478702343818448
15,47.44787509578757,8.477482012596232
34,47.44877442160843,8.477499564491684
79,47.33632098012763,8.479279154777878
38,47.34621389043327,8.479472185216698
21,47.382199789802016,8.478850591150227
59,47.388495195003685,8.478973476164317
106,47.38939453759471,8.478991033545745
278,47.39209256384906,8.479043709259914
61,47.40558266076163,8.479307168182684
120,47.40647006364118,8.480649470026549
110,47.41547536179719,8.479500456554074
25,47.414564089967904,8.480807816492995
34,47.441555967871764,8.480010380765734
28,47.44245529516016,8.480027973308882
12,47.444253948938616,8.480063160186216
12,47.44695192760764,8.480115944980337
86,47.342580618678426,8.483371419046689
13,47.344379327240304,8.483406652411023
0,47.37228311559799,8.481305311046972
79,47.378566578257924,8.482752501803068
137,47.37946592301812,8.482770119707824
51,47.38036526752774,8.48278773820943
70,47.37945394857321,8.484094180062709
94,47.38035329288271,8.484111820920196
154,47.38307525960829,8.481516446915746
117,47.38215198074912,8.48414710442813
88,47.38666067206099,8.482911084435365
216,47.387548038311785,8.484252969298097
188,47.38937066025157,8.481639649151354
81,47.39025804053372,8.482981581129064
261,47.3893467221479,8.484288262371066
137,47.39114540497208,8.48432355783599
255,47.393843427307,8.484376505518899
110,47.396565388660576,8.481780487495405
40,47.407357450669124,8.481991816627067
99,47.40914415821968,8.483351845604785
53,47.410942830196305,8.483387122637003
38,47.44243139424259,8.482679230497983
18,47.44600473579184,8.485401219999002
0,47.44782734997917,8.48278506722695
28,47.338059867033074,8.485929409884104
23,47.34074592055704,8.487305483790625
13,47.36682709599785,8.487818509561114
7,47.368625790141515,8.48785390922014
47,47.369525136841524,8.487871609948824
25,47.37582055678087,8.48799553183743
255,47.37761924594807,8.488030943488443
586,47.380317277822236,8.488084065463617
154,47.38392667115346,8.486830732816541
36,47.38663670477915,8.485559562283768
7,47.38753604687568,8.485577230285262
173,47.39021004200318,8.488278892239707
72,47.40732150871129,8.485966077844965
58,47.41090684024549,8.487361650624623
0,47.33442636836997,8.48982760708805
38,47.33893518511805,8.48859317399713
12,47.34343195553031,8.488681696421368
0,47.34791667656235,8.490093509212912
67,47.370412450110564,8.489213145721134
75,47.37129974754411,8.490554726188996
112,47.37309843840013,8.490590221240303
83,47.375808522391395,8.489319500381946
92,47.3757964728157,8.490643468325965
199,47.387499981430054,8.489550009651666
140,47.38929866365946,8.489585481628561
0,47.427970083873966,8.490348711080069
63,47.36769029990295,8.49180750950207
152,47.37758309601255,8.492002981438088
34,47.37755892012191,8.494651003728706
17,47.378458263322145,8.4946688222247
17,47.38656443839012,8.493504981437312
315,47.38925036213019,8.49488269126973
70,47.392871903082565,8.49230521774179
36,47.39556992027295,8.492358571635439
120,47.39825585017445,8.49373645673731
150,47.40275253555488,8.493825512858578
81,47.40366395807292,8.492518665870268
90,47.40365187186274,8.493843325894147
140,47.42343720533264,8.494235365513791
115,47.423425099474855,8.495560517382504
97,47.36404451165797,8.497031148137316
135,47.370352056426036,8.49583230892233
125,47.37125140141915,8.495850144938547
125,47.37393730980431,8.49722757683942
225,47.38023271111842,8.497352615032606
185,47.38201925284036,8.498712466485374
202,47.382918594178186,8.498730355073276
65,47.38564088734345,8.49613560338028
154,47.38383007778389,8.497424078742643
175,47.38471727609919,8.49876613406735
37,47.39643295947088,8.496349798787838
100,47.404526989506614,8.496510502521103
97,47.4216143177421,8.49684992702709
285,47.42518734952051,8.499571802968816
0,47.33702756065445,8.500464815016333
0,47.3577247906302,8.499553220410027
111,47.36310870577992,8.500984247204242
187,47.36851694848523,8.499767995299228
88,47.36669390473284,8.502379672077215
86,47.36759324970284,8.502397617401687
81,47.36849259442502,8.502415563333907
201,47.37300149995172,8.501181406659542
5,47.37481235743303,8.499893320964352
142,47.37751038610043,8.499947041060745
81,47.38289426398093,8.501378639586466
73,47.38468075680015,8.502738694079131
86,47.38647943649227,8.502774609659893
146,47.39727149337917,8.50299015426754
102,47.40267970043685,8.501773326043063
89,47.40447837036013,8.501809221225217
12,47.40536551196045,8.503151870262373
120,47.41885549657834,8.503421506595165
321,47.42156568314313,8.502150346879358
195,47.42155348649567,8.503475450321538
0,47.42605013113423,8.503565368730058
8,47.35767603155111,8.504847281662343
26,47.36666949075229,8.505027148300274
131,47.369379738889116,8.503757315326222
195,47.37027908291121,8.503775284821078
16,47.37386424029753,8.50517108547323
269,47.37926029198971,8.50527906395136
91,47.380159633062334,8.505297062498201
85,47.39815862326273,8.50433264120811
4,47.408051304751865,8.50453055361739
30,47.41253574286376,8.505945416558355
48,47.419730388736944,8.506089602722119
30,47.356764456759706,8.506152789804348
72,47.358563150652465,8.506188801715531
96,47.356752214060954,8.50747628065117
128,47.36124894592741,8.507566426690932
78,47.36033734134707,8.508871975848265
99,47.3630598810823,8.506278842163239
52,47.364858571528806,8.506314862610965
120,47.37205332341099,8.50645896880119
168,47.372028815872035,8.50910670952494
219,47.37742486687758,8.509215083007652
66,47.380147400230506,8.50662113494606
97,47.381034492623876,8.507963250652057
55,47.382845421328646,8.506675201315671
258,47.38461958752902,8.50935961525359
32,47.39451230206531,8.509558411071101
33,47.41162417097009,8.507252251398144
120,47.41342283410437,8.507288337815975
129,47.416096299237545,8.509992404756334
128,47.41699562922739,8.510010495491303
108,47.41879428842691,8.510046678801743
93,47.421516805358955,8.50745075698582
45,47.42239160369933,8.510119052785631
0,47.424214791086094,8.507504907726503
145,47.35401735466196,8.51139246821438
111,47.355828336421396,8.510105188465197
37,47.358514087133656,8.511482940130957
42,47.3594011288537,8.51282459176392
107,47.36662048058874,8.510322093429608
235,47.3692939136583,8.513023936409885
263,47.3701932562461,8.51304206233295
43,47.37291588157772,8.510448662036387
103,47.372903589640266,8.511772553217696
178,47.37741258909945,8.51053908655843
222,47.38278402628119,8.513295889732506
85,47.39180201098864,8.510828547981072
74,47.398097362688,8.510955236711451
68,47.39808506499588,8.512279753974653
217,47.41247438991348,8.51256979914686
147,47.41156274306494,8.513876519007757
61,47.415172380984764,8.512624200134848
123,47.41516006418739,8.513949141962838
322,47.42146768439032,8.512751157297892
50,47.33238367164722,8.516249954850425
71,47.33418237534607,8.516286290926423
46,47.33510639968947,8.513658557834118
91,47.3359810780861,8.516322629461419
19,47.356690772856474,8.514093725714899
21,47.356666090110004,8.516740699446762
128,47.35936412565031,8.516795254315179
0,47.36298618856071,8.514220716291337
344,47.36568422016566,8.514275150039083
76,47.36745821896956,8.516958952174766
323,47.37108027668931,8.514384034126683
144,47.369256903652904,8.516995336252766
260,47.371979618573945,8.514402183625862
84,47.376451632436115,8.517140897213341
21,47.38097302369107,8.514583712434055
370,47.38726839234171,8.51471081919575
4,47.391752734833425,8.516125987042171
70,47.39265207072978,8.51614417305497
75,47.39263971350803,8.517468553647044
88,47.393563748609445,8.514837956109302
38,47.39353904894373,8.517486762642525
73,47.39804808076536,8.516253302075679
149,47.3962370537244,8.51754139333177
108,47.39894741487882,8.516271492403442
0,47.40434341418429,8.516380647319217
73,47.41242503401745,8.517869294155291
54,47.33505699328447,8.518950359479797
205,47.340465470302675,8.517736570582125
59,47.35845241615847,8.518100599359034
120,47.358440036420006,8.519424129358265
151,47.36383609985355,8.51953352009947
227,47.36653412823878,8.519588223805046
204,47.36743347053883,8.519606459608621
226,47.37104321989284,8.518355566205717
274,47.37103083725792,8.519679408999126
208,47.37194256115813,8.518373782749459
314,47.37193017831634,8.51969764789098
281,47.37374124294167,8.518410217687997
194,47.37464058345939,8.518428436082866
234,47.376426879869115,8.519788851617445
127,47.3935266763243,8.518811164983846
186,47.39351428851387,8.520135566707305
86,47.397111626055874,8.520208587806321
18,47.413311986636266,8.519212411327839
0,47.42949987461858,8.519540926490883
6,47.43489581839931,8.5196504761249
194,47.33864200482526,8.520346258169136
473,47.339541354493335,8.520364497166225
10,47.34134005310613,8.520400977012125
72,47.34221457413466,8.523065470881155
132,47.35931457550637,8.522089462426155
277,47.36111326298167,8.522126014126247
135,47.36202501728004,8.520820672786181
368,47.36742107354797,8.520930212399547
201,47.368295575445316,8.52359601958183
83,47.37280470747275,8.522363660527239
74,47.37189293868144,8.52366923960594
46,47.37371646124486,8.521058036750214
181,47.37370404761829,8.522381945353809
129,47.37549029793339,8.523742469550601
446,47.37640206655735,8.52243680354977
221,47.37730140570376,8.522455090853956
0,47.378200744599866,8.522473378777635
87,47.380886329310144,8.523852333073668
44,47.38990454473124,8.521386867150648
0,47.38898035940325,8.524017170237347
48,47.391678364884584,8.524072127130216
0,47.40877811654743,8.523095537038442
58,47.447436624548594,8.52520915531425
133,47.335881778033375,8.526906391561534
104,47.34218968551289,8.525711721425905
84,47.343089033385056,8.525730052187306
64,47.342177218437314,8.527034845768119
11,47.34669887539088,8.524480144848383
19,47.347585769111895,8.525821715300951
16,47.34938446170277,8.525858384890181
180,47.3547805336241,8.525968408554531
177,47.35566740788879,8.527310207281865
169,47.357478566282474,8.526023428767868
188,47.358377910011264,8.526041770080873
35,47.36108839599069,8.524773203826243
214,47.35926478246106,8.527383660636719
99,47.361063468272434,8.5274203910448
148,47.36286215309824,8.527457123940364
14,47.36828313269569,8.524919792860405
151,47.369157542202146,8.527585708667955
105,47.371868036333794,8.526316964316996
134,47.37366671562629,8.526353667445472
199,47.37726407121597,8.526427081162154
88,47.38087388364882,8.525176419260948
208,47.379050271890584,8.52778783198497
74,47.38266009708565,8.526537220390841
160,47.385345629547,8.527916495134372
103,47.38806857641031,8.525323117573421
218,47.38714430089535,8.527953261639281
273,47.392552787614285,8.526739200470997
50,47.39436391929855,8.52545151122184
123,47.39525078879835,8.526794299015338
129,47.396137642434866,8.528137131544812
99,47.40875322751551,8.52574509682976
84,47.44380192160832,8.529112683480351
117,47.44470124053322,8.529131106984174
19,47.44652484493241,8.526516517359626
124,47.4456130502603,8.527823834582406
77,47.44832348174765,8.526553279096202
145,47.44739919570562,8.529186381247243
73,47.33765549890132,8.529589113265043
93,47.33855484735459,8.529607507884691
74,47.3484476643941,8.529809889792451
88,47.35205754484978,8.528560133196502
118,47.354743078109415,8.529938717517458
27,47.361937821945695,8.53008598659174
21,47.36823320985885,8.530214879760662
165,47.370943733644005,8.528946291214195
0,47.371830568925986,8.53028854672007
82,47.381735792391666,8.529167076276163
297,47.38263512899134,8.529185479082955
368,47.38262262216241,8.530509607494144
238,47.384421294188414,8.530546459694344
59,47.38803114329642,8.529295909018384
57,47.389829812709735,8.52933272398618
154,47.39072914703631,8.529351132405738
44,47.38891796983717,8.530638601121188
109,47.39162848110921,8.52936954144912
267,47.3943139722564,8.53074919144254
6,47.39881063394062,8.530841367223273
40,47.40781645079195,8.529701010944905
71,47.40871578000312,8.529719431847797
135,47.41051443765103,8.52975627552726
86,47.41050192433788,8.531081097378582
186,47.4123005805331,8.531117988319618
86,47.4168097312635,8.529885248082817
109,47.44468873446773,8.530456780479666
37,47.44558805291647,8.530475227018801
186,47.44648737109805,8.530493674183974
143,47.44557553143601,8.531800922298322
81,47.4536819069073,8.530641274047095
156,47.33404559195949,8.53083846260874
111,47.339441683589,8.530948958637165
81,47.340328503988445,8.532290454031509
0,47.3412153085519,8.53363199406916
139,47.34391334840846,8.53368738817847
118,47.34482523812948,8.532382665929527
117,47.34572458423127,8.532401110181718
0,47.35741606139202,8.532640942282878
71,47.35922727827356,8.53135430276839
143,47.363711455014865,8.53277012637256
59,47.36730881736855,8.532843959601703
124,47.38799357347802,8.533268694849912
120,47.38798101982651,8.534592955542795
145,47.389779687563916,8.5346299494109
109,47.392502781479536,8.532036699266142
141,47.39610011253802,8.532110523111383
21,47.39788623576979,8.533471946131296
244,47.401496101471025,8.532221277646645
56,47.40238289024714,8.533564358129924
107,47.404168992813474,8.534925990641831
134,47.405992751867984,8.532313590301138
5,47.40867819573361,8.533693761244898
148,47.41138872384643,8.532424386143466
105,47.41227550748093,8.533767719671337
23,47.41945755752886,8.53524071043871
194,47.42755147311419,8.535407400268697
40,47.447361630006974,8.53316360155208
92,47.45095889730819,8.533237578286025
29,47.45184566010053,8.53458192495503
108,47.33219669986705,8.536093137214223
64,47.333096048713834,8.536111639675845
5,47.33398281072618,8.537453061238889
50,47.335781506800544,8.537490113926454
34,47.33760536161014,8.534881153002612
17,47.33850470922606,8.534899636901326
10,47.34030340373494,8.534936606575295
44,47.33939148392052,8.536241174438265
14,47.340290830844395,8.536259681909204
28,47.34027824277797,8.537582756616784
70,47.34300144368761,8.534992065778136
26,47.34208952396785,8.536296698730107
14,47.34749817209888,8.535084510296999
0,47.35469292490345,8.535232454073988
0,47.35737837628904,8.5366114429009
8,47.366371785751184,8.536796671166977
0,47.37357907615821,8.535620997200615
16,47.38166052485856,8.537111703223413
5,47.38344659712349,8.538472924758647
81,47.39245253229466,8.537334188054704
172,47.398760439643915,8.536139484827238
107,47.39874785308874,8.537464012660275
174,47.39963458165153,8.538807111122424
90,47.401458431070246,8.536195066257978
22,47.405055749381994,8.536269183625155
75,47.4032445031322,8.53755676338158
112,47.40685440699533,8.536306246077764
57,47.40684181854579,8.537630975278239
18,47.405929886644955,8.538937127554918
188,47.414049027123774,8.536454521021813
123,47.41943238993199,8.537890796189181
36,47.42121843181139,8.539253010241584
147,47.42301707924156,8.539290184884168
30,47.43023686153021,8.536788286757407
77,47.431123589037114,8.538132168945426
32,47.4311109796994,8.539457501986968
0,47.44641201286985,8.5384479709081
107,47.448210645908226,8.538485136058801
0,47.45182050775368,8.53723362490087
52,47.33304561213227,8.541403220550164
4,47.36994393741016,8.539518402868795
0,47.37444062578289,8.539611276560889
64,47.37352866238615,8.540916600427977
81,47.37351602098007,8.542240499661842
37,47.38071070800305,8.542389482895011
185,47.38611935708578,8.54117703462114
199,47.39061602179558,8.541270076774543
181,47.396923973435904,8.540075881072369
124,47.39781067212549,8.541418977015253
154,47.39871000226924,8.541437592384163
28,47.404118611153734,8.540224637667162
32,47.405017939714064,8.54024323507808
22,47.40590463419504,8.541586538053496
32,47.40589198517852,8.542911242356267
82,47.40951457865256,8.540336231590427
273,47.4166838995944,8.543135005192552
166,47.41758322411007,8.543153656205718
148,47.423903779714614,8.540633926402215
157,47.43108571541952,8.542108166176963
5,47.43558231545378,8.542201366197098
6,47.33391965014107,8.544067644198288
16,47.33483165991996,8.542763344161061
5,47.33573100699376,8.542781960087412
161,47.37170469055616,8.543527114067274
5,47.378000044599275,8.54365761981051
90,47.37798737176384,8.544981629538267
66,47.380698049719356,8.54371356031724
167,47.38519471989013,8.543806807130668
160,47.38338337847111,8.545093650369752
112,47.40047067296873,8.545448533288008
89,47.40408066537339,8.54419861631926
194,47.40316865842146,8.54550458832606
149,47.40947662906456,8.544310613036194
30,47.42385313632168,8.545934533086667
94,47.42566446413613,8.544646739931407
90,47.431047704988714,8.546084157717859
0,47.365371269145605,8.547367727940994
6,47.36718264584723,8.546081397079634
65,47.37167933266573,8.546174819984286
120,47.37257866928294,8.546193506463771
197,47.373478005650774,8.546212193576192
9,47.376176013256014,8.546268258711434
234,47.380672687590376,8.546361713265675
163,47.38154659840148,8.549028601202869
75,47.38605598337559,8.547798089299135
35,47.39235130477805,8.547929135418103
50,47.39506200309972,8.546660874250865
111,47.408526491091855,8.549591022214292
67,47.410337868460374,8.548303724260032
28,47.41212379269009,8.549666054903701
89,47.41394788054612,8.547053769321039
94,47.41931838343684,8.54981615081645
132,47.42114247053428,8.547203517232083
224,47.422041793109386,8.54722223857774
101,47.35542758985597,8.55245581457093
12,47.35635243235176,8.549827661359155
0,47.356339688696266,8.5511511316652
196,47.360836386099116,8.551244963348758
48,47.365333077339194,8.551338810919415
109,47.368018327506114,8.552718887175615
93,47.37072909865359,8.551451448981668
52,47.37071633640625,8.552775276104825
4,47.371628434669304,8.551470224217445
13,47.37252777043586,8.551489000089147
0,47.37433918913579,8.55020263658792
74,47.38511844488243,8.551751929085992
97,47.386030527570604,8.55044650673591
27,47.39679697270883,8.55332066464003
89,47.401293612585896,8.553414751327125
129,47.40219293979287,8.55343357057811
69,47.40490369023,8.552165355309524
123,47.40579024605175,8.553508853961851
5,47.42019220372618,8.552485032270662
36,47.42197807301719,8.553847755564927
156,47.424701570889646,8.551253920049449
38,47.423776715250845,8.553885424069817
201,47.42467603597484,8.553904259280493
7,47.3616845932909,8.556558142541917
48,47.36258393093169,8.556577000778791
71,47.36530754022084,8.553986196394609
64,47.366206877300165,8.554005012500893
15,47.366194085753094,8.555328726625687
97,47.37879757028594,8.554268504913649
66,47.37968410887012,8.555611379936577
192,47.382394902131644,8.554343811414228
120,47.38238210673583,8.555667927835085
90,47.38418077072087,8.555705629627239
96,47.38689156127111,8.554437958892638
30,47.39768351735488,8.5546639779328
19,47.40038150064027,8.554720497056927
35,47.402167354780104,8.556082788115356
123,47.4030666813025,8.556101652751611
100,47.40486533357649,8.556139383942645
153,47.40485251763737,8.557464058875551
113,47.40576465932755,8.5561582504975
51,47.406663984821,8.556177117691961
162,47.40575184317412,8.55748294780629
184,47.40847543663586,8.554890088919148
92,47.4093747615694,8.554908935653703
423,47.41567002885558,8.5550408806896
114,47.416569351715445,8.555059732537176
0,47.422838979181265,8.557841959202257
166,47.42914703780324,8.556649005534744
99,47.36795429171549,8.559337678042821
46,47.373363139666424,8.558127241056878
103,47.37696047496042,8.55820280045867
69,47.376947635289646,8.559526780836057
33,47.37964563348666,8.559583524165802
68,47.412034281857004,8.558940041574347
4,47.415631573321335,8.559015711169515
72,47.42101465251815,8.560454311341138
8,47.42282614375539,8.559167081155879
8,47.35172761878555,8.562967514968342
29,47.35443851570791,8.561700985611726
325,47.36072100045026,8.563157172564974
97,47.36524343172656,8.560604648918666
191,47.367016352957435,8.563289971096648
144,47.36791568803913,8.563308944885364
137,47.36971435745734,8.5633468943906
44,47.374236780625594,8.560793955956921
73,47.37513611414484,8.560812890187478
58,47.376909025161154,8.563498718121043
66,47.381418570646105,8.562269538625962
43,47.382305015422105,8.563612612922219
78,47.403914653507,8.56141912441371
18,47.40390177700765,8.562743774405774
160,47.40478821003337,8.564087423919982
261,47.421901107346415,8.561798354862136
217,47.42098890653278,8.563104462477023
130,47.4263977045271,8.561893202669678
32,47.42638482264227,8.563218412263716
8,47.431793612473335,8.562007041274672
32,47.434478679060746,8.563389380433863
24,47.43717662644415,8.563446381425322
9,47.343594831531576,8.56676633002338
48,47.35080247576275,8.565595211949752
67,47.35168889010769,8.566937569809095
60,47.35708491817069,8.56705175865285
16,47.35890942997893,8.564442766834118
78,47.36249386471768,8.565842351704038
96,47.36248093738799,8.567165970695326
91,47.363380273060855,8.567185008291737
93,47.365191871642295,8.565899399405088
147,47.36610411979963,8.56459470759356
45,47.368802124397945,8.56465169599128
23,47.374198126877246,8.564765690159051
38,47.373272949094535,8.567394464408768
40,47.37687027835882,8.567470649619363
89,47.37958120411196,8.566203751721684
48,47.40387597842806,8.565393072459168
11,47.40476238063469,8.56673676543421
7,47.4263590132727,8.56586882951825
101,47.42905696648884,8.565925947476504
90,47.428144721095926,8.56723215995865
141,47.435339251784235,8.567384676951907
8,47.438936510777616,8.567460950973286
32,47.43802425092731,8.56876737968848
23,47.337273550963054,8.569279165205765
53,47.33726058415435,8.570602157051248
17,47.339072234870315,8.569317294247623
37,47.33997157646206,8.569336359736289
23,47.3408579501373,8.57067850699504
52,47.34266959978727,8.569393560073694
38,47.34175729102923,8.5706975960959
12,47.34626696082906,8.569469836224899
180,47.359769987025224,8.56843241310508
27,47.365153042161154,8.569870455510655
14,47.38045465677576,8.568870910443104
12,47.40113919350306,8.569309749589072
45,47.40471053951149,8.572035440708945
131,47.405622845962526,8.570729885548872
138,47.406522169084425,8.570748998884326
107,47.411031750217354,8.569519750142188
18,47.4101194589911,8.57082545870639
31,47.416414706357365,8.570959288349778
5,47.43079080580715,8.572590621048583
41,47.336348260289256,8.571906040061727
32,47.33633526334822,8.57322900829686
69,47.33723460501283,8.573248138803894
67,47.34263064993399,8.573362935442027
22,47.34712734737591,8.573458617115438
31,47.353422713568776,8.573592598665826
51,47.35793239851754,8.572364815140752
54,47.357020060296726,8.573669173807778
0,47.38310070560149,8.574224653895449
12,47.38400003444685,8.574243818115177
0,47.38849667488341,8.574339648954345
75,47.41009347504722,8.573475062281032
67,47.42986546603273,8.575222055152679
40,47.4379592953787,8.575394860911674
52,47.44516681555543,8.574222836144198
0,47.45324758086772,8.575721415812907
15,47.33181251418813,8.575779076842672
31,47.334523567616266,8.574513672179098
53,47.33630922394273,8.575874942824399
31,47.33812093388641,8.574590282182557
62,47.33719552249025,8.577217106575763
85,47.34170526770304,8.575990003414411
71,47.342604607483956,8.576009182450903
37,47.34350394702268,8.576028362136498
61,47.347088257672,8.577428321524609
45,47.34888693364108,8.577466732691652
6,47.35430903415536,8.574935155567461
9,47.355195338882105,8.576277757134214
19,47.35698096340883,8.577639615128502
56,47.359692017045596,8.576373707515806
81,47.35877963399265,8.57767804060186
0,47.37588000722536,8.5767192634349
41,47.384873300129115,8.576911330000518
64,47.40194742848478,8.578601033296907
120,47.40377217636747,8.575990238818383
100,47.40285980993298,8.57729565843105
250,47.402846751329555,8.578620278279391
91,47.405544718320826,8.578678017141318
140,47.40734336169358,8.578716512978371
120,47.409142004033825,8.578755011425732
33,47.42443042198751,8.579082353662214
29,47.42624211871409,8.577795675109824
4,47.43343663970666,8.57794961512013
10,47.43252425969243,8.579255728917222
83,47.442429767126704,8.578142098897855
118,47.44332907840534,8.578161350868136
94,47.4442153207607,8.579506253318764
38,47.44601394154485,8.579544805344295
0,47.447838685114945,8.57693188040046
106,47.450536613986074,8.576989582796175
124,47.449611179899875,8.579621917246175
148,47.45140979746722,8.579660477123136
11,47.33178641626424,8.578424785619967
81,47.33265959920618,8.581089752951309
82,47.339867411881855,8.579920812038148
39,47.34076675149232,8.57994005673883
15,47.34075366241173,8.58126313267454
24,47.343464768871826,8.579997794748746
56,47.34616278406904,8.580055538621277
23,47.35067254750606,8.578828469274875
0,47.350659471198654,8.580151791439635
50,47.352445052419085,8.581513663301944
33,47.36056524006214,8.57904003716267
44,47.40010951702539,8.582536199567063
126,47.401908162171964,8.582574821805785
213,47.402807484360146,8.58259413390706
205,47.40643096546497,8.580021973428988
163,47.407330286803756,8.580041244050541
161,47.40550544938144,8.58265207413901
67,47.409115838184476,8.581404562428254
154,47.408203412083274,8.58271002026394
164,47.41631039368339,8.58155894043356
134,47.418122122670745,8.580272542480182
67,47.418095922049694,8.582922539822983
106,47.44779947652138,8.580909098798715
67,47.44687395236437,8.583541229575923
65,47.449571878755414,8.583599266188656
155,47.450471187015616,8.583618613039468
35,47.451370495007126,8.583637960546964
13,47.45319532790757,8.581024912911477
75,47.45409463553035,8.58104421755684
11,47.33534451949808,8.582470481696836
4,47.345237250388394,8.582682664460961
83,47.34972081492441,8.584102435166876
6,47.35243194531687,8.582837028822711
31,47.35601616375728,8.584237680878095
23,47.356915498324256,8.584257004310475
47,47.35872729053638,8.582972131936364
16,47.37491526551339,8.583319687024485
0,47.37400280814059,8.584624273874017
104,47.40009639830739,8.583860749685014
72,47.40639165028632,8.583996095592406
25,47.418982116250845,8.58426688378931
26,47.45315597850957,8.585002528857668
156,47.45314283162877,8.586328399525632
39,47.34790900526686,8.585387051990107
64,47.3469965171527,8.586690942359256
135,47.34698335065472,8.588014171291782
26,47.35600302541933,8.585561134420633
26,47.35780169386841,8.585599826608721
72,47.355976703203694,8.588208039540085
69,47.357775370773226,8.588246821066129
96,47.359587206936354,8.58696206364557
110,47.359574037358485,8.588285605218342
53,47.36138587297577,8.587000805749273
13,47.38385593903635,8.58880944846404
77,47.4000701152943,8.586509847954247
47,47.39824512753835,8.589120100274405
103,47.40004377151189,8.589158943596187
91,47.40094309311412,8.589178366244568
122,47.40366740192457,8.586587363519431
206,47.40454037695433,8.589256063422221
81,47.405466043696855,8.586626125243717
119,47.411734932259115,8.589411489389365
114,47.41444606924049,8.588144879474617
37,47.4171308378534,8.589528086534727
12,47.41803015454156,8.58954752169879
38,47.44323728004557,8.587440729039074
78,47.44411022413573,8.590111428322158
69,47.44503589872906,8.58747954865443
114,47.44502272341834,8.58880521629496
96,47.446834516342726,8.587518370904725
89,47.44773382474791,8.587537783018066
148,47.45490191163734,8.590344931353416
101,47.35776218645502,8.589570317310393
26,47.358635105031766,8.592236766580667
21,47.36493042740216,8.592372996311365
43,47.399131255194135,8.590464046069599
88,47.39911804554304,8.591788569873994
214,47.40452718117138,8.590580722119384
5,47.41619187935707,8.593483498941184
54,47.41890305714189,8.592216990436462
90,47.445895635460296,8.591476027619976
53,47.34600469767082,8.595934013913077
21,47.34690403294317,8.595953531082676
65,47.34780336797205,8.595973048912896
65,47.35950796175611,8.594903303217778
47,47.35859536924918,8.596207314417738
46,47.36490394896414,8.595020341601238
38,47.38199118269619,8.595391120087918
36,47.38378983361173,8.595430163286277
144,47.398179004428364,8.595742604145732
90,47.41256810970274,8.596055214490256
55,47.413454152615124,8.597399637442553
60,47.414353469016156,8.597419204265154
29,47.416178635114164,8.594808446590076
46,47.417950732017914,8.597497478190972
19,47.42156126681438,8.596250682092265
105,47.42244730489853,8.59759533553082
71,47.4521510721921,8.59558992516782
47,47.45305037765805,8.59560947572586
20,47.45484898778128,8.595648578832906
51,47.34238079571424,8.598502176587015
54,47.34599142515347,8.597257215911618
121,47.35498476467764,8.597452640629175
59,47.35497147476335,8.598776065255112
113,47.35768276175875,8.597511280946229
0,47.3621794186355,8.597609028045195
0,47.39094457632015,8.59955932014068
92,47.41342755908614,8.600049393800866
39,47.415226190738515,8.600088617640184
0,47.33337412465645,8.599629509461066
20,47.33154880379999,8.602236046862917
26,47.34864951896089,8.601285639341413
21,47.35044818602251,8.60132485693007
40,47.348636185067505,8.602608905668411
48,47.353159504609835,8.600060309655023
138,47.35494484939624,8.601422912518794
16,47.35493151394348,8.60274633515503
85,47.35584418133547,8.601442525628347
0,47.362126160783085,8.602903437310811
41,47.3792133834022,8.60327672555294
6,47.38283735145086,8.600707111886855
207,47.40532038626203,8.601197595212305
36,47.41519953553383,8.602738460868869
39,47.415186185136754,8.604063381483726
8,47.416085499903524,8.60408306155204
10,47.41881013002333,8.601492084786576
38,47.42060875810189,8.601531361381829
13,47.41968275636365,8.604161788499418
14,47.421481383026375,8.60420115597813
41,47.345012137374994,8.605176741206867
105,47.34681080504834,8.605216087435743
7,47.355804128769634,8.605412858540696
105,47.4043810247865,8.605151924108313
84,47.40526696410986,8.606496291655809
33,47.410662863256405,8.606614606565142
11,47.41337418967617,8.605348898531629
0,47.42323986022802,8.608215888403368
0,47.337763858949565,8.610311364761346
64,47.34678403191241,8.607862526126207
9,47.348582697717255,8.607901964324126
118,47.39264970078689,8.608869034967599
184,47.39714629979542,8.608967805937203
138,47.39532080288627,8.611577144923235
127,47.396220121983696,8.61159694452015
145,47.39893151527104,8.6103318335099
10,47.399830833569105,8.610351613421551
140,47.40164289240701,8.6090665936466
0,47.40162946939548,8.610391175256295
38,47.40611261513224,8.611814784385308
15,47.42140095210128,8.612151605830116
0,47.42322644702596,8.609541007823154
20,47.42230026369459,8.61217142490386
4,47.44660846061898,8.610055392500195
21,47.33145507132215,8.611495923955472
22,47.334139628268034,8.612878152909044
62,47.33683763409492,8.612937550977072
60,47.3980053069144,8.612961036514617
136,47.398891157105595,8.614305372978258
43,47.39979047472882,8.614325219999106
100,47.41777677302007,8.614722301743594
79,47.424984737652586,8.613556048344977
38,47.33232749007129,8.614161416104297
74,47.33769651998832,8.616926327013344
8,47.34671683347324,8.614478611159324
74,47.347602679930716,8.61582167887555
41,47.34579051616364,8.617105166106343
7,47.381777100975455,8.616576580542688
116,47.39166962911573,8.616795286115844
103,47.39345475516129,8.618159435787243
110,47.39797835634605,8.615610016072937
90,47.39796485827455,8.616934504842343
203,47.40157562542359,8.615689494982023
49,47.402474942050986,8.615709366393137
31,47.40607220598592,8.615788858774149
18,47.4051593905115,8.617093652409826
38,47.40514587544068,8.618418319476822
0,47.411468094140126,8.615908117559632
66,47.41686397295422,8.616027400609388
11,47.415951157882176,8.617332454706332
41,47.41685047014136,8.61735235928403
45,47.415937640098626,8.618657390321985
78,47.41776328517847,8.6160472834773
53,47.41866259714172,8.616067167019496
58,47.41774978213975,8.617372264536725
43,47.41864909387716,8.617392170464464
46,47.421347027521115,8.617451892298313
5,47.420434197653876,8.618757031888387
82,47.42313212904872,8.618816824938925
12,47.42494426871233,8.617531530863067
63,47.426742887732225,8.617571354197414
83,47.42493074866731,8.618856690352729
15,47.4303536288133,8.616325714445518
49,47.444742529552045,8.616644083232039
98,47.44564183358288,8.61666398702093
7,47.45373555778123,8.616843151523074
79,47.33588433864651,8.618209538191698
39,47.36463582448918,8.621493648162875
27,47.36733380130818,8.621553516781345
124,47.38893109136025,8.620708422378478
19,47.39162904850218,8.620768278695262
65,47.39252836704058,8.62078823215316
69,47.39972290615447,8.620947884163424
60,47.3997093468637,8.62227241496972
29,47.406031660095344,8.61976292709903
0,47.418622041756,8.620042175328397
164,47.41859492884561,8.62269217748593
137,47.41949423941571,8.622712173633563
21,47.42400435375511,8.621487029476498
93,47.42761514020039,8.620241719534826
72,47.42940020515821,8.621606906600507
68,47.43029951280307,8.621626888493344
17,47.43211167955718,8.620341517022759
65,47.44648700503289,8.62198667851828
10,47.33583013544955,8.6235013146644
56,47.336743042464704,8.62219832780042
19,47.397897140045096,8.623556938561531
60,47.3978835508249,8.624881423274493
45,47.39968218270625,8.624921474549696
57,47.40238012860299,8.624981556553632
40,47.40507807218412,8.62504164466788
0,47.413171888973814,8.625221945683109
7,47.41678272812498,8.623977142517017
45,47.419480659937406,8.624037196081641
48,47.42216499403846,8.625422344688412
50,47.42306430310672,8.625442388327142
91,47.44286263642884,8.624557916373163
40,47.4482584516458,8.62467814784335
30,47.33131987809846,8.624724262870743
7,47.334903609792455,8.626127176333984
19,47.35647391088452,8.627931358280552
7,47.366366493677155,8.628152067950767
50,47.396943376373954,8.628834781615142
139,47.39874200740153,8.628874965741836
95,47.40145358772553,8.627610674886698
30,47.40326583761102,8.62632620350317
52,47.40506446595241,8.626366307671997
55,47.405037207908826,8.629015631640069
4,47.413158280693956,8.62654681008635
45,47.42125207437938,8.626727367593288
69,47.420325499219565,8.629357387836926
47,47.4221513834821,8.62674743294053
4,47.42931857649081,8.629558512950023
96,47.43832527242966,8.62843421629361
43,47.44372109156524,8.628554830648369
56,47.44643262943706,8.62728945469397
18,47.448231232526474,8.627329624210889
20,47.33125171251258,8.631338407004117
42,47.35646027138959,8.629254812143326
0,47.35823159913194,8.631941974748964
28,47.36725217566896,8.629495858459567
9,47.367224845660665,8.632143300250403
10,47.37082213732,8.63222384954267
0,47.38074200560796,8.629797304146392
18,47.39063451156507,8.630018461692964
33,47.39150648642091,8.632687219838088
45,47.39240580291015,8.632707374565125
19,47.39692972661644,8.630159241240946
89,47.395117430529666,8.631443429315981
0,47.41401667544808,8.630541525580353
26,47.42209678927443,8.632047779135906
28,47.426579638592145,8.633473760684495
140,47.4382979671037,8.631085195627106
32,47.43737129775941,8.633715982613936
112,47.440995876501276,8.63114563415521
99,47.44096850899024,8.633796745174415
79,47.44279448143258,8.631185929925529
90,47.44276711300557,8.633837130565594
59,47.44366641461242,8.633857324289055
66,47.447263618362705,8.633938106036315
12,47.331224340070285,8.633984059900333
13,47.33121063109036,8.63530688532604
10,47.332109963469954,8.635327061316982
8,47.352808255949896,8.634467936470266
27,47.35460690927297,8.634508277263096
45,47.35369386802845,8.635811489984967
47,47.360888471614814,8.6359730536812
139,47.361787795952985,8.635993252220436
23,47.36899610033415,8.634831101967494
39,47.369895422666744,8.634851284319732
49,47.37257966864804,8.636235688051205
0,47.38427082341741,8.636498438090364
26,47.39509005597467,8.634092255690081
29,47.41577424136819,8.634556564786472
9,47.418472168485046,8.634617153540415
84,47.42296870845044,8.634718148496438
25,47.4238680156571,8.634738349542921
43,47.422055684037545,8.636023031607422
0,47.43013570551832,8.637530345366894
15,47.438243174018424,8.636387146085482
50,47.437330135221856,8.637692375167946
72,47.441854104341246,8.635142514414378
8,47.443638984910244,8.636508567000622
48,47.45444430296467,8.635425593069192
21,47.331196906937926,8.636629710069137
18,47.352767066984406,8.63843801780668
31,47.35907609093611,8.637256175428726
62,47.36087473989496,8.637296615127596
87,47.36176031687329,8.638640419102888
15,47.363572711478575,8.637357279811045
58,47.370767291445134,8.637519082433991
49,47.37255218405732,8.638883391143668
0,47.39503512457832,8.639389900225266
15,47.423826817852934,8.638713732236264
5,47.43280610324296,8.640241802329747
75,47.437316383971115,8.639017837979024
51,47.35004155340243,8.641023894272703
18,47.348229110708985,8.642306583101997
92,47.35184020589997,8.641064454253389
49,47.35455195845916,8.639801896321787
16,47.35363885741742,8.64110501698024
8,47.3554237168924,8.642469007150453
46,47.359034806071215,8.641226721641
110,47.36982667667651,8.641470205152118
27,47.368014239772755,8.642753355115964
115,47.372524638730106,8.641531091492347
20,47.37432327884895,8.641571685823061
12,47.40851103814705,8.64101875670323
33,47.41299379607446,8.642445129656089
18,47.413893104775525,8.64246545745474
40,47.41480620430504,8.641160884988642
20,47.41569172139664,8.642506115119973
12,47.415677914880895,8.643831037767155
53,47.430066806463586,8.644156756609377
0,47.445382542705474,8.64185170256669
54,47.44805282570721,8.644564153862309
64,47.349114632713466,8.643650151406051
134,47.35001395886826,8.64367047502105
22,47.351798789948404,8.645034458314104
33,47.35361126103921,8.643751776361167
33,47.36618796342205,8.645360109133183
5,47.36617412404914,8.646683799803782
138,47.368899751274505,8.64409742991934
0,47.37339635238963,8.644199130606474
5,47.3760943100563,8.64426015928658
0,47.38595912838995,8.647132349589825
0,47.39046954888182,8.64591004520084
56,47.392268177513195,8.645950801221563
76,47.39316749144646,8.645971180267818
37,47.39406680512457,8.64599156000473
29,47.39225433143017,8.647275140101339
17,47.39497995013427,8.64468753376935
14,47.407570314345676,8.644972619111911
53,47.4084696241417,8.644992987528376
51,47.41026824295666,8.645033726433075
29,47.411153716224035,8.646378906283154
23,47.41385164102668,8.64644008903278
42,47.412039173573774,8.647724130891147
4,47.41293848160968,8.647744547521087
9,47.4291398371506,8.646786908880317
34,47.446240399012574,8.645849085105322
26,47.448025150421884,8.647215609630571
86,47.44801128997112,8.648541336475427
4,47.45252163619425,8.647317726275611
10,47.392240470157596,8.648599478289748
50,47.3949384098018,8.648660751685329
4,47.40301833565765,8.650169215163881
25,47.40573014530878,8.648905907580769
63,47.40752876428711,8.648946776593014
23,47.40841419274873,8.650291952290296
16,47.40750098827839,8.651596211450961
0,47.43900442728849,8.649662433189063
76,47.444400222716325,8.649785202518231
48,47.45068141363441,8.651254257690743
30,47.45158070982299,8.651274748951026
5,47.37870907312304,8.652265209061776
116,47.3840910488565,8.653712236357329
171,47.38588967825903,8.653753250994336
73,47.44435850730843,8.65376210789919
7,47.44795569611432,8.653844236908578
7,47.45155288062077,8.653926377068467
32,47.33281577032164,8.653867346679798
30,47.33098922396229,8.65647199878941
17,47.33368720928768,8.656533599820587
0,47.341809046135,8.654072275337086
0,47.34360769839252,8.65411326939112
105,47.38496247778365,8.656381054317242
4,47.39304232778178,8.657890406502
0,47.45149703974028,8.659229624932435
0,47.339069204423296,8.657979835194187
20,47.38042396419466,8.660250428799435
49,47.380409954071716,8.661574469382995
61,47.38581984843371,8.660374135026972
240,47.38671916158749,8.660394755176636
4,47.392101022005455,8.661842821981812
0,47.34442315616964,8.662072656198315
4,47.37679866943047,8.662815873608329
34,47.38039592876262,8.662898509267377
0,47.38129524296563,8.662919169931865
15,47.38219455691622,8.662939831296326
168,47.387576392932885,8.664388032214644
205,47.389375016563704,8.66442941016467
27,47.33988439657319,8.665938603323188
110,47.33987032110694,8.667261635305344
41,47.34168304559239,8.665979996352974
6,47.3452944024167,8.66473962421088
0,47.391131418105346,8.668443709121268
66,47.43251352046821,8.6680739947453
14,47.33623070648325,8.67114759231559
78,47.38389457509113,8.672250041588681
82,47.3848221370332,8.669622567359259
23,47.42797468281643,8.671945829076655
46,47.43248530582065,8.670724663642703
37,47.43338460383859,8.670745476957489
39,47.43337047347715,8.672070832744234
0,47.438766254587215,8.672195861859944
57,47.44144999385287,8.673583942648524
10,47.372189357398305,8.673303279457665
31,47.444133714088224,8.674972163525041
242,47.40721422389538,8.394540609380972
7,47.418905750339114,8.394750432787214
23,47.43059723290824,8.394960348716586
42,47.39818778529514,8.398352905959799
44,47.399087137036766,8.398369104589086
86,47.399986488523616,8.398385303767427
173,47.40088583975541,8.398401503494844
8,47.415286419013995,8.397335803734347
5,47.416174771468135,8.398676982901364
0,47.417984459377855,8.397384365418283
32,47.4278772540258,8.397562467202574
29,47.42968692271635,8.396269527542282
33,47.392780664501906,8.399580135819999
62,47.39457937041178,8.39961257177818
46,47.39456834984606,8.400937026074208
48,47.396367054372675,8.400969508971945
107,47.40087483309381,8.399726114947399
8,47.4035618622965,8.40109946258427
130,47.40446121213773,8.401115709263742
56,47.40895795749802,8.401196950923115
0,47.41255534915761,8.40126195416695
41,47.426056558004696,8.400180557171105
25,47.42514618735291,8.401489534965663
42,47.42785524485646,8.400213033844638
60,47.44762969926347,8.401896198160253
15,47.395445615159076,8.403602218928047
48,47.39813260281546,8.404975622108307
133,47.40445017434998,8.40244040912186
0,47.40532740222027,8.405106121548172
0,47.41074561476319,8.402554307966023
216,47.4107234910132,8.405204019355951
4,47.41253325506205,8.403911756197475
47,47.42332540077182,8.404107356183308
17,47.425135145318414,8.402814749719333
53,47.42422474455795,8.404123659775534
134,47.400808474051175,8.407673772088852
109,47.40621566725132,8.406447179425305
46,47.40800326434944,8.407804642847145
311,47.409813059039244,8.406512534154277
68,47.42059410772107,8.408033752104817
78,47.420582990612516,8.40935885212244
35,47.44307762939747,8.408443146463624
25,47.44396584488879,8.409785211916176
111,47.44668608484552,8.40718293154465
8,47.44846252714977,8.409867247313379
104,47.40707052791263,8.411762573084294
148,47.420560710797034,8.412009050489244
134,47.42146005424981,8.41202548677431
72,47.42415808304512,8.412074798974286
71,47.44485404453571,8.411127322191291
75,47.38994936540667,8.415423559004006
51,47.39444612094245,8.415505986836864
36,47.398954058748565,8.414263868582164
93,47.41335479261507,8.413202499513204
157,47.41243307937081,8.41583583789521
22,47.41605282786212,8.41325186382438
0,47.41514230625389,8.41456037195075
24,47.41965020456394,8.413317690718198
60,47.419627833926036,8.41596784095624
54,47.423247577106984,8.413383526542201
0,47.45650068747933,8.41664491917753
55,47.39081506508146,8.419413116283852
0,47.39171441587934,8.4194296683917
4,47.422314653921255,8.417342492792624
0,47.35661705309428,8.421431565186968
0,47.35752766889477,8.420124611781864
110,47.379112236524826,8.420522055703588
67,47.38088840721706,8.423203409945287
116,47.38270965054383,8.420588327773531
26,47.38268711297223,8.423236636537172
51,47.38449709448079,8.421945666559601
111,47.38538516972243,8.423286480646592
67,47.389893203826375,8.422045232422459
18,47.39530056790259,8.420820350762588
16,47.39528930407528,8.422144818530716
0,47.44654050385334,8.424417641174204
4,47.45103717179084,8.424500917764895
17,47.45373516934274,8.424550890503374
0,47.35209769491552,8.42399548422182
89,47.379977762960976,8.424510883956993
84,47.38987063285925,8.424693897858532
111,47.397964776410056,8.424843687253198
0,47.45102586585959,8.425826772799827
0,47.33858464483477,8.426392407376124
76,47.37903309451413,8.429790500496019
70,47.38085448807858,8.427175734716323
62,47.38084315132282,8.428499841844191
106,47.384440558803604,8.428566655027316
46,47.38712725850315,8.429941033941278
110,47.391635361684145,8.428700308561947
83,47.39072465817646,8.430007952430635
149,47.393445399286215,8.427409307397605
273,47.396143445241876,8.427459373104524
8,47.41771638547781,8.429185106529546
12,47.41770502574929,8.43051013039215
25,47.35831378441799,8.433376652512896
23,47.38620515622053,8.432572785478037
4,47.38439505685763,8.433863435618656
57,47.38981393960482,8.4313155515674
34,47.41949233337312,8.431868695160778
56,47.420368877665204,8.434535645972108
14,47.43655696202531,8.434838438210699
9,47.440154302525045,8.434905750488307
9,47.446472445841934,8.432372090426613
126,47.4518570423606,8.433798705029197
31,47.452744960779185,8.435141415426031
105,47.454543621967176,8.435175090987798
28,47.3520068671919,8.434582613983922
26,47.35827951508508,8.437347287575315
29,47.41855877568324,8.435827057775212
22,47.42123390845094,8.438527794639846
11,47.437421977755484,8.43883180666583
61,47.44014287722507,8.436231332027035
0,47.439220646857066,8.438865597240863
28,47.44461664779716,8.438966982726136
30,47.333985332884794,8.438215637591549
32,47.339370045405694,8.439639830209414
12,47.34926301223623,8.439825512593956
42,47.35377127334288,8.438586504907363
16,47.3591674185301,8.4386876984794
16,47.357357235982015,8.43997748597675
172,47.395130015314905,8.440687307869817
137,47.3960293618055,8.44070422070471
170,47.396928708041756,8.440721134112813
71,47.412217554933385,8.441008749784825
0,47.416714260449865,8.441093374182023
9,47.42032310208763,8.439835997564616
20,47.43560035248304,8.44144895339586
0,47.445504508290455,8.440309596593746
0,47.44640384039157,8.44032651916764
36,47.451799827390346,8.440428066672949
25,47.451788338772,8.441753937281167
113,47.45449781727485,8.440478848181229
22,47.33485025978861,8.442201375790743
13,47.33483875058717,8.44352433684127
8,47.339335560446884,8.443609049887137
17,47.34832916210595,8.443778518987116
73,47.3501508892934,8.441165737962088
53,47.353736824707745,8.442556798073513
43,47.37620917206708,8.444304237944834
111,47.39691721594807,8.442045638103261
64,47.39871590727245,8.442079511382751
134,47.39780505425905,8.443387100243761
188,47.40051459757687,8.442113386958527
124,47.40050308952103,8.443437979864852
51,47.40411197511883,8.442181145000031
41,47.40410046629322,8.44350582740837
65,47.40858565650589,8.444915443503968
40,47.412194549014465,8.443658518023913
60,47.415791912406426,8.44372639547691
84,47.4157803858806,8.44505136827517
35,47.4176021042612,8.442435319507062
15,47.417579065636744,8.445085355229557
41,47.436488186756556,8.442791381106876
0,47.44276047237286,8.445561414755895
82,47.357311210310776,8.44527156413955
147,47.3572996659396,8.446595082245112
88,47.37528673934063,8.446935201243523
48,47.376186090407955,8.446952213241685
69,47.37617452679843,8.44827620002609
110,47.39418461135048,8.445968139685215
129,47.39507240484764,8.447309598372774
52,47.395971750375026,8.447326623056584
40,47.40137937201982,8.446104169724126
129,47.40135624916677,8.448753396254155
38,47.40316650541886,8.447462841302093
34,47.404953621825754,8.448821604116462
46,47.405852964349656,8.448838657527203
94,47.40675230661678,8.44885571151608
69,47.413059266816674,8.447650201718293
22,47.41576884415692,8.446376340497201
22,47.41665662685678,8.447718350105673
129,47.43735292766379,8.446784873652456
34,47.359075242657035,8.44927620761699
7,47.366258484989885,8.450736334047127
83,47.37165459909476,8.450838782362219
12,47.375252003532616,8.450907092805938
70,47.39594859945707,8.449975579963597
146,47.39774728897437,8.450009720545486
139,47.398646633350936,8.450026791704294
43,47.4130245066092,8.451624911713715
23,47.41572252528376,8.451676223607878
8,47.369844287572974,8.452128459207263
100,47.37164299089537,8.452162655656263
22,47.372530718605,8.453503649814204
26,47.37432942004765,8.453537894440053
51,47.39502604301795,8.452607420394179
32,47.395925387770205,8.452624534556518
231,47.397712447490775,8.453983285789505
136,47.39770080327748,8.455307806376792
41,47.40940389685607,8.454206128676109
96,47.409392250111296,8.455530940155816
22,47.41571090757096,8.453001192937391
0,47.44448962084975,8.453549561564586
0,47.45347127207914,8.455046958556139
26,47.36888666968405,8.458730384395412
25,47.37068537155522,8.458764803165195
15,47.39409176770788,8.456563600134217
148,47.412055236968705,8.459557078917905
4,47.42824329753105,8.459867436319362
19,47.43905867313507,8.457423348519546
0,47.44805197560605,8.457595473242714
110,47.45434727145066,8.457715995311515
5,47.34998854591196,8.4596924616525
14,47.35086446676286,8.462356391044066
33,47.35357425795438,8.461084764312302
42,47.35898209514828,8.45986467981719
84,47.36168015514446,8.459916356637383
50,47.36436649999586,8.461291729161529
73,47.37067367243947,8.460088650624174
155,47.395831933336154,8.463220329666
115,47.3967430114444,8.461913128654537
171,47.3967312762715,8.463237623369887
10,47.40572469158273,8.463410592651913
92,47.40663576903635,8.462103151969016
81,47.4084227111774,8.463462494871283
108,47.41203180553999,8.46220683092015
24,47.411120728454385,8.46351440236987
0,47.42642119060893,8.462483411271648
80,47.432704782518165,8.463929852520922
113,47.43541452228378,8.4626563502278
70,47.44800514220456,8.462898563363796
172,47.45069137843671,8.464276319460652
39,47.455199758682554,8.463037022548376
0,47.36614173136402,8.463973700010689
11,47.39222280966956,8.464475542997747
28,47.39761886839046,8.46457943415992
5,47.40751161884643,8.464769956173745
4,47.41020963630699,8.464821929054452
146,47.42819635975664,8.465168550073884
6,47.42638592005263,8.46645910956877
140,47.43268125085758,8.466580631038196
4,47.43447991443374,8.466615356758709
33,47.43717790781794,8.466667449757733
5,47.44257388743624,8.466771651664896
77,47.44617120186631,8.466841131390503
118,47.448869184888274,8.466893247374708
31,47.451578943072626,8.465619509117968
76,47.3454094816719,8.468868912044671
19,47.36520705851781,8.467927535239872
5,47.38677959710705,8.469668659486908
56,47.408387406831075,8.467436848134554
48,47.40747626950442,8.468744240533244
98,47.42994784378559,8.470504508635564
27,47.43084717590292,8.470521936630652
110,47.43534383253905,8.470609085475244
8,47.44165096174487,8.469405507458053
6,47.44794625829861,8.469527412794683
20,47.34448648065219,8.471497929444977
52,47.34267592368186,8.472786247095112
48,47.35888797601041,8.470453114692782
38,47.35797679074787,8.47175924092477
84,47.3885664612776,8.471027749274821
122,47.386744079082234,8.473641393196205
106,47.39034145313238,8.473711263719853
28,47.404754610482776,8.471341457223842
11,47.40835196572423,8.471411196098112
0,47.409227600112466,8.474078239409927
30,47.42723801280387,8.471777480411275
57,47.43082349301013,8.473172619647006
30,47.434432667101845,8.471917085930244
108,47.43533199770361,8.471934539284334
33,47.44160358644799,8.474707948863305
127,47.44702327140551,8.472161486786964
27,47.44879820367046,8.474847988771572
35,47.4506205773335,8.472231336933051
0,47.45059685530543,8.474883004689966
37,47.33455797727774,8.475275228350371
40,47.333646730901286,8.476580676006979
15,47.334546088704805,8.476598174843804
81,47.33725604984614,8.475327661456575
54,47.33816728108031,8.474022103979063
28,47.34086535136047,8.47407447721667
83,47.33995412025315,8.4753800998858
36,47.38403417676964,8.474913172822859
98,47.38583286541635,8.47494814807064
157,47.38940645348108,8.477666724850124
83,47.406493918180956,8.47800000312627
91,47.4397811513981,8.477324072338998
68,47.440692376459204,8.476016033008476
28,47.44249103249769,8.476051083049615
14,47.440668567569475,8.478667204145111
18,47.44427778983349,8.477411810970965
100,47.443366550033126,8.47871991454946
27,47.44698766793567,8.476138718560673
14,47.44607644334422,8.477446910592361
0,47.45058497148014,8.476208837677394
55,47.33722033681416,8.47929670003051
29,47.37589244420597,8.480051708002305
31,47.377691135776175,8.480086851414752
77,47.38038917125513,8.480139570997999
139,47.38488589203505,8.480227448877924
59,47.39837601648379,8.48049117186634
26,47.40377205022862,8.480596698607034
178,47.41457602663183,8.479482881904836
15,47.335409688904925,8.480584577151934
14,47.34259258492315,8.482048274631461
31,47.34710130757798,8.48081299423965
17,47.368673769421726,8.482558744232877
61,47.37405787746203,8.483988347466305
87,47.38127657144398,8.481481251643597
56,47.38125263694142,8.484129462375327
107,47.383051324305576,8.484164747078648
176,47.384873946766895,8.481551644572821
175,47.386672632917936,8.481586844615093
95,47.38847131805972,8.48162204704284
191,47.38845935680289,8.482946331587824
166,47.389358698794794,8.482963956059827
173,47.396553425603884,8.48310497333909
73,47.403760100765766,8.481921364031473
8,47.40464747376975,8.483263663488536
277,47.40554681117409,8.483281298716003
11,47.408256787502026,8.482009431268795
88,47.413652803081796,8.482115131661601
6,47.42984079369953,8.482432361910487
51,47.44152009428813,8.483987198427059
68,47.44333072086499,8.482696868456303
70,47.44602869913391,8.482749785922744
22,47.446016725065945,8.484075503260582
0,47.339846566032406,8.487287802227415
18,47.343467991458446,8.48471220157462
0,47.36864981015011,8.485206327922404
38,47.370448504104836,8.485241640590912
67,47.372235193851544,8.48660083599116
64,47.37313453975845,8.486618516768312
68,47.374945234641295,8.485329932728076
132,47.374921211822596,8.487977826911548
94,47.378530609962475,8.486724614008876
131,47.381240646908395,8.48545356684506
48,47.38211596448466,8.48811948311324
237,47.39113341273409,8.48564790827836
10,47.399203437403784,8.488456070520611
71,47.40100211342562,8.488491513383421
75,47.40191347608438,8.48718461803437
90,47.409120180917334,8.486001442004163
45,47.41000750498808,8.487343944664639
5,47.41180617524452,8.487379357184947
0,47.44869070537268,8.486780060706833
0,47.33353905268382,8.48848696685691
25,47.33983453968272,8.488610877283703
12,47.342532601930536,8.488663990738177
131,47.37040040174307,8.490536979564977
141,47.37399778345467,8.490607969667662
203,47.37759516117778,8.490678969389277
137,47.383902613942105,8.489479072908992
17,47.38480195619223,8.489496806193358
257,47.39649338243841,8.489727393579708
70,47.40278874799748,8.489851598104536
46,47.404587421567776,8.489887090524995
130,47.406386094111035,8.48992258535191
55,47.408172708795426,8.4912828557033
40,47.40908410099624,8.48997583210499
0,47.347880455484095,8.49406333176762
77,47.36586743583303,8.494419418195108
58,47.36677887538168,8.49311348619323
205,47.37488506369957,8.49194966368708
25,47.373961544821505,8.494579735780324
0,47.380269045116336,8.493380383119183
0,47.38387849597668,8.492127410598197
110,47.385665097249216,8.4934871798683
240,47.38835102194938,8.49486486552787
164,47.39646925882753,8.492376357472166
78,47.40184109799109,8.495132315096999
0,47.36225794033545,8.49567181195533
19,47.36944058709618,8.497138281994026
38,47.37482451310887,8.498569379596686
138,47.37572385645102,8.498587263337244
159,47.38203139495376,8.497388345677052
87,47.384741546355116,8.49611775769416
54,47.38742744042153,8.497495552138354
135,47.40542632489613,8.49652836151802
4,47.41801699326126,8.496778451062221
171,47.42251364821034,8.496867797533403
197,47.420690700517824,8.499482223487382
69,47.423412978417375,8.496885668645831
140,47.36941629336642,8.49978589714658
173,47.37120281233571,8.50114555402239
98,47.375699529506825,8.501235190169375
162,47.37388865754218,8.502523251691928
198,47.378385369951665,8.502613008709833
86,47.38469294508845,8.501414508015948
50,47.38650379869478,8.500126147484535
65,47.3981951972983,8.50035907658353
79,47.39908235751529,8.501701542978887
110,47.40179254205765,8.500430767724678
94,47.403566842958405,8.503115929110908
220,47.419779204091775,8.500789369293633
172,47.42065415678398,8.503457468469591
75,47.422452815946315,8.503493432783358
5,47.4377657618938,8.501148214175295
17,47.35948693831088,8.50355969104108
243,47.36217276423275,8.504937207368187
52,47.372077770209735,8.503811225636651
60,47.3864672326073,8.504098839835216
147,47.39724706551985,8.505639150782503
42,47.40084440803802,8.505711197440336
52,47.40445396962133,8.504458576929668
0,47.40535330378977,8.504476570186576
32,47.425138590066254,8.504872576229248
159,47.423327705426004,8.506161710474506
27,47.4251263622025,8.50619776801932
11,47.4260256901979,8.506215797709006
122,47.35765156092545,8.50749430863828
146,47.35855090754461,8.507512337235777
111,47.35673995618144,8.508799770887642
24,47.36036184356278,8.506224816065375
148,47.36126118964898,8.506242824154883
60,47.3639469820937,8.507620521640828
37,47.363035377638376,8.50892613598671
71,47.364834067265946,8.508962245802387
173,47.36573341170914,8.508980301627341
90,47.36845594945418,8.506386910825643
117,47.37024239116189,8.507746764564402
8,47.37743712946917,8.507891078844947
113,47.379248059362325,8.506603114043932
88,47.38013515221137,8.507945206783408
75,47.392738145939234,8.506873491696027
33,47.393612965648046,8.509540335661779
123,47.39633549273872,8.50694561561674
116,47.39632324103347,8.508270089978122
75,47.39721030978958,8.509612640974815
88,47.39900898033057,8.509648797307422
47,47.40171925235272,8.508378428423748
120,47.41430990947939,8.50863130384098
171,47.41519696898798,8.50997431463482
144,47.41880656045372,8.508721645584515
6,47.422403876547264,8.508793930009547
14,47.423315462771775,8.5074868568674
15,47.425101860874776,8.508848149764107
114,47.42419025976869,8.510155243459652
0,47.42779984284473,8.508902375036124
92,47.354029642287,8.510069046205022
18,47.354005051857,8.512715889611226
95,47.35852637578519,8.510159406444245
111,47.35670309145876,8.51277023792739
292,47.371991940676,8.513078316020845
32,47.37470227298711,8.511808765889203
279,47.37468996545305,8.513132701157625
159,47.37829963668374,8.51188119859246
322,47.3810099506134,8.510611437204084
212,47.389991040945304,8.512116672678564
22,47.39267673960098,8.513495410022635
48,47.39450002038701,8.510882839471025
18,47.39358838751095,8.5121891471137
93,47.39718573000871,8.51226163137409
100,47.39717341733007,8.513586125652772
162,47.413373720529755,8.512587932194648
123,47.417858052304794,8.514003615643814
118,47.42237931565211,8.51144417494801
100,47.42507729874694,8.511498529056691
191,47.335094070850054,8.514981509167336
8,47.33689277352231,8.515017804295287
110,47.337779779865535,8.516358970455702
69,47.3602634703389,8.51681344050277
5,47.36208684419862,8.514202572937565
6,47.36835756143529,8.51697714390571
273,47.374677642733204,8.514456635811962
300,47.374665304827666,8.515780569851445
220,47.38094832980532,8.517231892846493
144,47.38184766852648,8.517250093822804
0,47.38815538871196,8.51605324915341
138,47.38904236922679,8.5173957238355
155,47.39626175462906,8.514892452591166
84,47.41243739578607,8.516544421328085
5,47.434920567481164,8.516999611481376
59,47.33415764220749,8.51893214588541
69,47.33596871869115,8.517645601883741
52,47.36203741302802,8.519497054049687
112,47.36563478569105,8.519569988619018
53,47.36744585234603,8.518282706200107
245,47.37462819999669,8.519752368273279
283,47.376439263745716,8.518464874723986
237,47.37913728229903,8.518519537314653
150,47.38093596008118,8.518555982128175
45,47.387218938033854,8.520007803599727
159,47.395312957794324,8.520172076019415
12,47.41240026489116,8.520519037955356
148,47.41419892338504,8.520555573267123
9,47.42860054973293,8.519522670386326
0,47.45468086378876,8.520052348988324
28,47.33594395437694,8.520291544880893
0,47.34761066022815,8.523175196848424
188,47.36292436060905,8.520838927842883
342,47.37010668554164,8.522308809763258
220,47.371917780289614,8.521021512414743
60,47.37190536707797,8.52234537631998
209,47.372792278868495,8.523687546161964
97,47.3755027271608,8.522418516865041
284,47.37369161880635,8.52370585333806
375,47.37638963712221,8.523760778587121
63,47.384496109845,8.522601411592236
82,47.38628235164309,8.523962218930945
19,47.3907790299777,8.524053807545146
126,47.394388801672406,8.52280266737829
167,47.395288135770386,8.522820967079186
22,47.398873034981825,8.524218706163587
34,47.4141865156123,8.5218804890051
57,47.41416165447635,8.524530318619652
126,47.4249660167732,8.523425205364365
32,47.444738667497035,8.52515408274929
201,47.33859229160912,8.525638404583521
64,47.340390989043605,8.525675061764138
29,47.34488772840322,8.52576671557133
142,47.34577460764024,8.52710826183559
62,47.35027133868307,8.527200045898505
162,47.35567987808871,8.525986748004733
67,47.35749102171826,8.524699924198925
97,47.35839036565516,8.524718243175345
80,47.360189052791576,8.524754882988965
131,47.36107593972246,8.526096797746078
202,47.36016412548985,8.527402025529842
69,47.363786424108916,8.524828170060374
96,47.36376149514105,8.52747549132104
10,47.36468576632122,8.524846493379298
101,47.37547785352011,8.525066421615984
19,47.376364732693546,8.526408726800426
268,47.38624496534745,8.527934878075385
185,47.39075411888736,8.526702471220055
107,47.39074164055691,8.528026802124433
101,47.4096525570949,8.52576345121803
32,47.41593538792914,8.527216907384505
115,47.41592290375473,8.52854186478314
102,47.44382688770513,8.526461379433124
0,47.45100895784531,8.52793425801231
51,47.45461870215445,8.526681964827878
246,47.33317124837092,8.528174249598301
67,47.33407059823394,8.528192618790008
22,47.33766799528621,8.52826610177265
94,47.343963430854096,8.528394720928674
103,47.34846016328394,8.528486610411926
104,47.34664897256804,8.529773087477464
241,47.349347009942235,8.529828291884245
210,47.35475557846099,8.528615281818604
31,47.36284966604914,8.528780761297048
8,47.36554769081017,8.528835932330496
33,47.36824571334377,8.528891108969217
263,47.37544042916505,8.529038274083481
211,47.374528585612076,8.530343803489593
295,47.376339767520385,8.52905667252681
310,47.38623247287108,8.529259096545438
122,47.392527814928215,8.52938795111636
61,47.39342714849314,8.529406361407496
45,47.3979113021142,8.530822930817461
118,47.40690460884674,8.53100732300076
69,47.409615108956196,8.529737853375236
106,47.4087032671085,8.531044208939056
124,47.41679721648521,8.531210226618253
5,47.431198925831154,8.530180157492454
149,47.44917280171904,8.531874804363337
34,47.333121175961665,8.53346584547943
157,47.33584429013083,8.530875292125613
180,47.336731112330234,8.532216695746438
70,47.33671857062933,8.53353968305024
128,47.338529808641155,8.532253573640993
25,47.33761791869564,8.533558144004532
143,47.339429156435344,8.532272013524237
8,47.34212719837042,8.532327336918275
53,47.34571204043541,8.533724320709435
153,47.34662393009038,8.532419555058189
144,47.34752327570661,8.532438000558974
183,47.34842262107975,8.532456446684115
22,47.347510731491695,8.533761255740538
0,47.349309421575526,8.533798193272082
4,47.353818688201095,8.532567136548385
146,47.3601015415588,8.534019870986661
74,47.368220691190146,8.531538649928432
38,47.366409477151514,8.532825500356777
15,47.36820815733763,8.53286241947177
90,47.37000683653108,8.532899341087507
0,47.37181804942038,8.531612406274466
4,47.377214079289764,8.531723059531497
120,47.383509436075244,8.531852183426668
0,47.38438368131705,8.534518975327215
20,47.387094239019795,8.53325022121734
185,47.390704114424665,8.531999791096128
153,47.395200780155385,8.532092066211831
59,47.39879810815505,8.532165897563521
205,47.40057167263407,8.53485196528234
38,47.4041815502437,8.5336013273151
58,47.40326966315361,8.53490748336095
121,47.408690739018645,8.532368985405007
97,47.41048939582898,8.532405918604523
153,47.42395417991639,8.535333309617913
51,47.42575282703992,8.535370353686757
59,47.42665215020832,8.535388876663573
47,47.4284507957573,8.535425924502176
5,47.4374565728936,8.534285709669232
4,47.43834332742717,8.535629732551866
178,47.44913514352299,8.535852155380375
111,47.45093377579661,8.53588923465925
99,47.45275752934886,8.53327457041952
9,47.45274497577641,8.534600443751726
54,47.33399539732104,8.536130142763499
0,47.33847954910954,8.537545697659658
0,47.33937889606432,8.537564226824697
47,47.34210209727841,8.534973578751554
4,47.34480013577967,8.535029041708379
88,47.366384364734536,8.535472948189954
4,47.36905720897069,8.538176041262513
0,47.372679738101255,8.535602488880448
7,47.37266715764634,8.536926368280403
0,47.375377751523374,8.535658015721733
8,47.3753651704377,8.536981962171435
0,47.37355389964264,8.538268800071162
12,47.37987443555823,8.535750572997523
215,47.38077377161292,8.535769086334057
119,47.387069116947394,8.5358986972537
210,47.387968450985646,8.535917215608928
138,47.389767118302785,8.535954254201933
81,47.391565784605966,8.535991295305234
31,47.392465117376766,8.536009816798336
118,47.393351864600945,8.537352732541315
76,47.39423859595877,8.538695693016656
64,47.39693658995385,8.538751399237318
24,47.40055910085086,8.536176538486401
85,47.405043161353504,8.537593868072001
182,47.40953980240105,8.53768664080538
144,47.410439129836355,8.537705197239312
81,47.42574024936785,8.53669555361261
128,47.42572765649579,8.538020752909427
49,47.4275263017279,8.538057889068526
28,47.4293375396237,8.536769738870158
37,47.43021165847797,8.53943890867516
61,47.33666825207712,8.538831626011145
24,47.334844307422266,8.54144040588105
5,47.338466946288285,8.538868727098682
8,47.36724592140091,8.539462686202349
30,47.38072335109956,8.541065404841785
176,47.38520737923181,8.542482617921916
104,47.387006045957925,8.542519876350678
101,47.38972931938055,8.539927164806542
116,47.39062865202704,8.539945752134921
129,47.39060337637404,8.542594400783521
110,47.391502708344255,8.542613033470142
50,47.394200702730274,8.542668935318758
88,47.40052129434407,8.540150254327475
142,47.40230732028502,8.541512060169886
35,47.40321928233631,8.540206040886682
135,47.405005306103206,8.541567917635788
80,47.40591726801716,8.54026183311946
253,47.40950194398528,8.541661026037346
197,47.40948929412257,8.542985819852854
106,47.417608512446364,8.540503665046863
31,47.41940716154234,8.540540879421501
79,47.42748843064481,8.54203361754236
160,47.42929971287634,8.540745603610388
143,47.429287073558626,8.542070890595223
7,47.43648163466719,8.542220008098408
42,47.333032965052396,8.542726114197984
204,47.375289365023214,8.544925627660424
116,47.38068537624848,8.545037637107713
170,47.386094053167874,8.54382545838902
219,47.38608137842584,8.545149669325378
169,47.38788004379937,8.545187018459385
100,47.39149004752107,8.54393737921184
49,47.40496731410607,8.545541961518515
61,47.4085646223861,8.545616715505757
73,47.410375955443385,8.544329281370718
87,47.41036327497796,8.545654096301135
163,47.41307393302723,8.544385290172235
64,47.41757055714543,8.544478650836773
148,47.41665855089151,8.545784949049205
62,47.418469881188784,8.544497324869308
237,47.41935652238508,8.545841038307369
48,47.42476514218364,8.544628060831464
28,47.42475245832411,8.545953233945207
36,47.42655110154229,8.54599063756527
19,47.364471930753766,8.547349024181624
34,47.364459215546916,8.548672696800152
73,47.368081983707846,8.546100080394986
28,47.37437734176905,8.546230881321582
10,47.37527667763755,8.546249569699986
37,47.37707534862423,8.546286948355968
0,47.37794926213903,8.5489536549241
228,47.3797733532253,8.54634302108844
95,47.3824459318387,8.549047339359515
82,47.38335798469437,8.547741936191146
92,47.38425731784046,8.547760653259624
84,47.385156650734245,8.547779370962274
107,47.38696802109617,8.546492576239885
74,47.38694259524348,8.549141039666319
125,47.388766685539444,8.546529971362258
56,47.38965331141216,8.547872968989402
44,47.39055264278795,8.54789169049786
71,47.391439252325846,8.549234755849126
239,47.404954619718914,8.546866641546758
36,47.4067532739498,8.546904062026343
181,47.407639890459905,8.548247519742299
121,47.42112975712618,8.548528599512684
87,47.42021770610865,8.549834915668821
32,47.42561363664988,8.549947518148885
4,47.3545282496063,8.55243702844194
133,47.3572262696196,8.552493388737012
111,47.35905045217023,8.549883891455405
78,47.359037707876,8.551207428769143
178,47.36082362619746,8.55256854470258
11,47.36532031637141,8.552662503975222
0,47.36714449831442,8.550052616019457
11,47.36804383553755,8.550071366367675
73,47.36803108911362,8.551395127089537
91,47.36891766405474,8.552737682848765
25,47.37431367812012,8.552850470257
162,47.382407682339846,8.553019694355484
61,47.38781644013219,8.551808287240704
69,47.38962785390492,8.55052156531662
15,47.391413763586975,8.551883440359445
12,47.392313093816206,8.55190223023089
20,47.3932251761821,8.550596634071866
28,47.3959104121885,8.551977396084803
84,47.3976963011958,8.553339480701858
0,47.399494957402865,8.553377114738831
225,47.40400436358018,8.552146556519837
143,47.40309226674314,8.553452390467038
89,47.40758889763676,8.553546499482119
151,47.40850099425385,8.552240556841609
90,47.40848822304234,8.55356532319948
0,47.41658214004674,8.55373476537928
23,47.418393558974756,8.552447413651056
5,47.4183807854134,8.553772426219957
106,47.422902928325406,8.551216339833204
22,47.42560089177861,8.551272711113578
102,47.42829885287027,8.55132908813045
50,47.42919817270834,8.551347881744357
109,47.42828609215873,8.552654347640487
306,47.35721349539015,8.553816880106767
74,47.360810851114245,8.553892125420164
52,47.36079806084954,8.55521570550075
37,47.361697398951065,8.555234540760308
47,47.36348326832556,8.556595859654255
227,47.36529474888752,8.555309888176808
136,47.36800555071502,8.554042646625154
169,47.367979951582264,8.556690163611599
55,47.36887928748959,8.556709026319341
187,47.37067795855842,8.55674675365138
127,47.37250222990324,8.554136743089071
57,47.37157729371946,8.556765618275756
108,47.373401564993564,8.554155564294142
106,47.374300899834275,8.554174386136722
75,47.37520023442516,8.554193208616857
61,47.377898236696595,8.554249679882938
54,47.38506729110924,8.557048664336664
31,47.385979433696804,8.555743333974258
40,47.40397880809912,8.55479586483004
96,47.403053865792046,8.55742628293503
126,47.4093491427431,8.557558509933266
11,47.43632875672155,8.558125552712808
240,47.35627574271501,8.5577684736508
35,47.35806158511138,8.559129738925638
65,47.359873096855736,8.557843984450104
185,47.3634704470552,8.557919505477054
107,47.36525628379091,8.559280959692757
121,47.366168457109836,8.557976152960592
240,47.37066513557391,8.558070578223406
35,47.37155163213734,8.559413311474207
47,47.37514896857196,8.559488955153075
41,47.376061141512174,8.558183909648417
61,47.3814571384396,8.558297264109695
77,47.385041623092555,8.55969702812796
132,47.407537661697894,8.558845469011285
168,47.40842413906037,8.560189145400624
0,47.41832953919027,8.559072470101869
111,47.42822206059249,8.559280635601588
127,47.430007845090834,8.560643792680473
0,47.349941818284336,8.561606282914575
51,47.353526297080506,8.563005441351136
83,47.35445138037533,8.560377565076672
49,47.36431834622437,8.563233053585655
63,47.370613691793395,8.563365870107193
52,47.37243811283769,8.560756089419774
36,47.37421102664527,8.56344177940094
61,47.38233077327685,8.56096438712451
9,47.384116563781745,8.562326425709132
50,47.403888885314686,8.564068423754515
104,47.41019704613491,8.562876632451399
98,47.41198279849841,8.564239448435202
42,47.41288212089268,8.564258454399102
267,47.42280042730657,8.561817323136866
209,47.42277465006192,8.564467562544444
223,47.42457328833419,8.56450559058908
110,47.42909565968524,8.561950119075918
142,47.43178072929528,8.563332385243786
5,47.436290195170656,8.562101924480944
89,47.436277310914726,8.563427380450172
42,47.34810445704938,8.56553819514314
72,47.349890212129175,8.566899512015048
15,47.354412740834206,8.564347824757252
27,47.35799718157225,8.565747285079333
147,47.361581601468075,8.567146933743548
86,47.36520478443739,8.564575712747576
149,47.36700345491392,8.564613703082813
147,47.36790278978012,8.564632699215375
46,47.37150012675917,8.564708690179444
25,47.37148721245346,8.566032533248904
19,47.371474282963334,8.567356375674114
31,47.375084544581426,8.566108623903787
25,47.37776961004901,8.567489697535002
24,47.40297665366803,8.565374050563644
47,47.40924605963114,8.5681567813702
103,47.41014538215377,8.568175852539191
73,47.412856287605955,8.566908198729452
84,47.42634608578799,8.567194037177225
142,47.42995628370111,8.56594498808766
94,47.4344528658045,8.566040200833115
113,47.434439936373046,8.567365610063943
53,47.433527676280114,8.568671930006936
180,47.43712493652813,8.568748288456748
37,47.33905926762851,8.570640330731294
41,47.34178321163636,8.568051388557386
23,47.34177025892077,8.569374492649287
73,47.34538057451371,8.56812757283243
87,47.358844721746074,8.571060411802403
84,47.364266665542324,8.568527709560131
61,47.36425370741585,8.569851371941976
7,47.37415933646209,8.568737418568718
27,47.37595800066174,8.56877555587431
48,47.37685733238615,8.568794625496013
0,47.40111324428965,8.57195890694338
138,47.40653513739585,8.569424285637067
36,47.41370375951479,8.572226820535075
35,47.43169012140796,8.572609774939417
71,47.43441403190346,8.570016426584209
5,47.447890750356514,8.571628913400945
33,47.33994562636978,8.571982476698116
55,47.343542988585504,8.572058923682015
18,47.34532866912757,8.573420342503015
168,47.356133725701,8.572326569646975
136,47.35612072398282,8.5736500290501
4,47.361529741197195,8.57244131389824
47,47.36151673817554,8.573764907319749
13,47.377717734175796,8.572785686570633
74,47.40468452778724,8.574684774457312
78,47.40739550930822,8.573417582171498
78,47.428966150339875,8.57520285776953
29,47.43167711661836,8.57393511373137
19,47.43166409662734,8.575260451872758
16,47.44695241385588,8.57558692921255
21,47.331825540390305,8.574456221480675
31,47.334510540761435,8.575836594485468
45,47.33539684022575,8.577178712304413
24,47.338094863261254,8.577236304685862
53,47.340818956057944,8.57464774649064
0,47.34079288412648,8.577293902914292
85,47.34711433265209,8.574781852567279
66,47.34710130275075,8.576105087370587
85,47.34891300949232,8.574820174425389
29,47.349812347546866,8.57483933632733
0,47.35069865458543,8.576181822993263
15,47.34978627126002,8.577485939250332
39,47.35158494576568,8.577524354318191
19,47.35428295569025,8.5775819817968
4,47.35608162774809,8.577620403367526
23,47.36237697220401,8.577754899355268
0,47.38486024589155,8.578235502532737
38,47.38577262803374,8.57693054023625
19,47.40196048686982,8.577276435821572
164,47.404658455288,8.577334105604931
164,47.40464539624778,8.578658770201558
191,47.405570821644005,8.576028642545749
184,47.40825574290663,8.577411007773438
37,47.4100674303222,8.57612466325705
9,47.414537924841596,8.578870522432672
202,47.4172358817398,8.5789282867495
25,47.427128370258046,8.579140139532841
35,47.428027685822535,8.579159402796488
44,47.43165106143498,8.576585789362825
46,47.42983938131952,8.577872639892853
55,47.445127700161486,8.578199856768741
28,47.4469393749548,8.576912647574131
35,47.44692632084801,8.578238365282989
6,47.448724940463244,8.578276876411186
8,47.446913251535555,8.579564082338354
139,47.4523221764726,8.578353906510644
141,47.45320841395877,8.579699039617847
0,47.337156303395716,8.58118606850098
42,47.34347784343187,8.578674651195058
46,47.34525035573906,8.581359477562748
49,47.34707519741579,8.578751555028587
119,47.346149693676615,8.581378748496938
22,47.35157188441855,8.57884769946372
36,47.355143059642664,8.581571493719933
59,47.3569679007523,8.578963094268836
69,47.3596659056041,8.579020800462258
187,47.406417875599594,8.5813466814711
160,47.40640477054005,8.58267138885916
127,47.40730409144076,8.582690704234123
206,47.40821651758116,8.581385268121753
0,47.41181379844204,8.581462449272928
22,47.414511756366416,8.581520342006156
29,47.41632348595716,8.580233986205776
85,47.41899523957713,8.582941863713986
22,47.4207938738487,8.582980513462065
29,47.42531665907573,8.580426793732453
40,47.42621597494718,8.58044607808201
73,47.443302926325565,8.5808126050522
72,47.45138361103406,8.582312133394726
51,47.35063327304853,8.582798433813284
56,47.35602928691535,8.582914226681359
77,47.35961350054937,8.584314978533193
51,47.39919707556874,8.583841417176917
204,47.405492329347126,8.583976758496366
33,47.40727783530007,8.585340161798293
163,47.40817715550349,8.585359522582879
13,47.41538484545515,8.584189502615517
28,47.418968977726884,8.585591903208527
66,47.44865943965218,8.584905679250697
153,47.44864629387158,8.586231437849541
30,47.45495459216811,8.585041273303085
39,47.356902359766785,8.585580480187183
88,47.36048654007941,8.58698143436947
87,47.36137270295778,8.588324391997034
122,47.39735898399378,8.587776199217751
40,47.39734580516751,8.589100679600925
47,47.398271470439795,8.586471094112735
71,47.39825830658501,8.587795597522321
61,47.40096943733705,8.586529225860216
121,47.400956272821844,8.587853796381198
83,47.418056507137095,8.586897530920464
18,47.4225267340653,8.589644707406421
72,47.44592203213854,8.588824649499905
46,47.44861995669218,8.588882953072089
64,47.45312966954066,8.587654269535276
67,47.45311649224518,8.58898013888584
168,47.4540026058247,8.590325469134674
81,47.35593710603125,8.592178392293869
60,47.359547652660105,8.590932686393268
77,47.361359517758395,8.589647977588093
122,47.36403109637671,8.592353532944221
0,47.37393694264307,8.591243769157142
49,47.38291699557029,8.592762402119751
24,47.38381632134469,8.592781879336393
9,47.3937221116672,8.591671783344085
77,47.398231933299925,8.590444602368224
116,47.406312609687426,8.591944322198298
82,47.40629938307495,8.593269024326606
53,47.41082241642341,8.590716874175609
89,47.411721734710525,8.59073632710727
190,47.410809203900236,8.592041688853712
66,47.416205108403105,8.592158550630993
20,47.41710442491007,8.592178029905552
35,47.41529256281093,8.593463997943205
84,47.41888982743201,8.593542005903107
46,47.41981558759968,8.590911433178544
21,47.42161421870651,8.59095035289717
189,47.45398939789347,8.59165135958075
67,47.452177563205396,8.592938237247608
38,47.34331994707133,8.594552330680594
49,47.34511861927416,8.594591317069725
75,47.34691729050496,8.594630306098004
136,47.354998039412436,8.596129215341522
56,47.35680996482086,8.594844792941956
93,47.35860862969057,8.594883799132155
43,47.38110510765608,8.594047524903717
38,47.38109185686027,8.595371599480798
39,47.38560173542063,8.594145022770308
10,47.39279632668016,8.594301053718125
77,47.397279683163106,8.595723071628266
58,47.413467426585584,8.59607475826782
109,47.41255483595433,8.597380071283418
68,47.41616537567445,8.596133393576903
119,47.418850047116706,8.597517048331476
77,47.42334661868955,8.59761490899018
65,47.44495661878962,8.59543354458999
20,47.453037109118796,8.596935341105974
47,47.34507880238727,8.598560856090332
41,47.3468907602041,8.597276755406732
29,47.34687747228783,8.59859997906941
59,47.35678342964421,8.597491733512095
31,47.361266796284966,8.598913058274517
22,47.36397807965727,8.597648131518703
105,47.4089442786625,8.598626579891915
32,47.410729609659604,8.59999056302915
112,47.41344086344865,8.59872451595382
95,47.41434017962735,8.598744105158715
81,47.41432687504235,8.600069005388015
21,47.42423264038407,8.598959630262309
0,47.34416616464543,8.599864451620403
39,47.3450521819124,8.601207212128395
19,47.34686416919431,8.599923202069958
91,47.34685085092361,8.601246424407623
185,47.35495816966954,8.600099489218568
168,47.35404551721155,8.601403300073228
25,47.380139376608824,8.600648281805604
38,47.38102537507793,8.601991962431228
11,47.395427870593295,8.600981731349624
0,47.39992447247307,8.601079841309609
361,47.40349506956494,8.603807601309049
34,47.409803640135664,8.602620528757678
77,47.34141479911325,8.60509805673877
59,47.37830070171154,8.604581075685628
51,47.39717309800009,8.606318864407905
150,47.39536106720779,8.60760386984502
0,47.399884432667044,8.60505346193514
11,47.39807241748312,8.60633857587374
5,47.41424672841113,8.608018392771806
24,47.41514604276674,8.608038139321243
4,47.331468507194494,8.610173086371857
87,47.34138802866041,8.607744227549231
37,47.34408603137925,8.607803373834864
117,47.39263628001959,8.610193392898134
106,47.398045618830366,8.608987562139745
116,47.39803219671662,8.610312054268677
11,47.40702537069958,8.610509876854826
37,47.42589750744467,8.612250707921229
13,47.332354407783875,8.611515698319002
15,47.335038963784406,8.612897951595105
17,47.3943945651485,8.614206147963758
102,47.39799183922599,8.614285526630109
15,47.404300528257025,8.61309981848128
32,47.4069984764004,8.613159306548873
47,47.415991620053354,8.613357643812634
86,47.41867608520893,8.614742162900205
120,47.42318611622765,8.613516362055146
46,47.425870573298006,8.614901076404637
32,47.33321334400253,8.615504115965102
12,47.332300511666716,8.6168071312073
62,47.33411267930932,8.615523958610105
30,47.33501201437565,8.615543801926515
83,47.33589785151087,8.616886592389152
112,47.336810683785984,8.6155834905737
34,47.36289128095198,8.616159277964577
0,47.36197844921887,8.61746300777883
12,47.379079133447384,8.61651694771333
8,47.38718652458056,8.615371643984027
52,47.38987098991845,8.61675551540257
48,47.389857478688754,8.618079802212536
143,47.39168312560748,8.615470953907217
98,47.390770309644275,8.616775400422274
80,47.392555436425184,8.618139526381551
65,47.39885066221409,8.61827890639229
32,47.40337425842114,8.61572923847787
16,47.40697152132487,8.615808733553738
15,47.415038327805014,8.618637464036023
76,47.41683695213172,8.618677317283664
35,47.421360531463364,8.616126821692163
47,47.41954840535335,8.61741207706728
0,47.41953488666529,8.61873710222343
66,47.42223281884582,8.618796893246097
36,47.42403143898928,8.61883675730779
87,47.42764219684743,8.617591266877717
70,47.42854150569928,8.617611180233498
14,47.448326233344794,8.618049445034655
0,47.44923904702563,8.616743608931863
4,47.45190991582569,8.619454996270697
0,47.33225993026275,8.620775698819301
30,47.33498500427198,8.618189649572148
106,47.33585726739588,8.620855427777057
6,47.344864138806145,8.619731629737226
17,47.345777000816305,8.618428357432853
21,47.3601391915003,8.621393880646693
45,47.3619649298066,8.618786601069006
41,47.36105206814124,8.620090263195149
39,47.39522632112568,8.620848096584304
50,47.398810030597,8.622252433731536
4,47.41232685728816,8.619902534643812
4,47.41589699556862,8.622632193111572
27,47.42491721342317,8.62018184916628
43,47.43570890628214,8.620421367202253
57,47.4419769181157,8.623212297827337
61,47.44829916628231,8.620700928192587
79,47.44828560994249,8.622026668755087
31,47.44647343394167,8.623312373581973
35,47.33494437531371,8.622158415991551
41,47.33493080198025,8.62348133678192
11,47.33672946867789,8.623521293222892
107,47.35832697252526,8.622677480288985
33,47.36192428048194,8.622757376891734
30,47.36642090986065,8.622857262864342
8,47.3889039630302,8.6233569465473
120,47.39250123689625,8.623436935219898
12,47.396098506684545,8.623516934736202
39,47.396997823492796,8.623536936309904
89,47.396084917918735,8.624841374714192
41,47.403279443387625,8.625001585246073
0,47.415869823232654,8.625282058249239
129,47.416769134131385,8.625302097130257
136,47.42486292045593,8.625482477644141
72,47.42576222873643,8.625502523322487
8,47.43746681159199,8.624437709380864
0,47.43835251694438,8.62578323423202
91,47.440151125301675,8.625823346676047
65,47.44374833881565,8.625903579731416
0,47.446459847645286,8.624638067966325
6,47.44914415105883,8.62602394973748
58,47.35468888012024,8.626567828203665
133,47.357400471733435,8.62530446496958
16,47.35648753519976,8.626607903738599
55,47.35918551597305,8.6266680221293
92,47.35827256452454,8.62797148119732
27,47.39335974490321,8.6274300506896
51,47.39425906179572,8.62745011732413
139,47.395171997352726,8.626145768385072
57,47.39515837843287,8.627470184638746
108,47.39695701094039,8.62751032130838
56,47.39876926225467,8.62622595497553
84,47.39966857783965,8.626246003321855
38,47.4203527650147,8.626707302926553
57,47.423936374690456,8.628112698027085
0,47.43382874916255,8.628333723087314
29,47.44282178904339,8.628534726550491
0,47.45090185383415,8.63004149171063
0,47.33306404232245,8.630055753697754
0,47.348338999484945,8.631720595412503
35,47.3555472899818,8.630558160220827
20,47.35644661671501,8.630578265326157
0,47.36455420294191,8.629435587697603
4,47.384325622294725,8.631201861411888
0,47.38880853542599,8.632626759754785
14,47.38970785267861,8.632646912432957
14,47.39333246240398,8.630078791695523
20,47.40680851457564,8.631705238770316
46,47.418485869313905,8.633292158930697
41,47.422982410425256,8.633393041950189
93,47.424808384304185,8.630783095243421
84,47.42660699877738,8.630823366413342
64,47.4454650170234,8.63389771379192
20,47.44729098907999,8.631286681317494
89,47.36090218815381,8.63464949155089
25,47.362700837041096,8.634689844638105
32,47.37079474474991,8.634871467355525
99,47.37349270950073,8.634932020564644
16,47.39147908331755,8.635335865931866
49,47.394177030645764,8.635396466344796
25,47.42384056565296,8.637388605358266
146,47.42566662928227,8.634778753691478
50,47.42475360496888,8.636083701915535
9,47.428337095445954,8.637489844787257
69,47.43822943774025,8.637712631985522
72,47.442753405986004,8.635162729858113
6,47.444538285790536,8.636528806223456
14,47.454430577755055,8.636751483016313
26,47.33208249953404,8.637972754744297
22,47.37166661281988,8.637539310844437
51,47.37075354201732,8.638842888945936
113,47.37346525481948,8.637579769720817
5,47.38605572068322,8.637863058618985
12,47.40852481242701,8.639694011717234
67,47.409424122887074,8.639714291315544
7,47.41571928883914,8.639856267758235
46,47.42381305485428,8.640038858426797
0,47.43640331519397,8.640322999170097
34,47.44001429003708,8.639078677700939
20,47.44089982415136,8.64042451071843
71,47.35095465450416,8.63972086018755
0,47.35632304156098,8.642489313249648
8,47.357222365983425,8.642509620036341
14,47.3608334536504,8.641267295355716
4,47.365330068267795,8.641368741664666
113,47.3689135609752,8.642773670843756
100,47.37161152308615,8.64283462215562
102,47.373437739400664,8.640227516136067
6,47.37520880240114,8.64291590020609
73,47.40848344400441,8.643668244609561
6,47.41300758670186,8.641120273464793
11,47.41209448711334,8.6424248025467
40,47.43818813768954,8.641689085558529
4,47.446268042961684,8.643197717590791
18,47.35271193586417,8.643731449994036
25,47.353597440081984,8.645075155019805
118,47.368885926390796,8.645421188306115
18,47.372497032666445,8.644178789091182
11,47.37699362877679,8.644280503558164
6,47.38147639048737,8.645706306522676
22,47.39136886332489,8.645930422865915
72,47.394052958578584,8.64731594361206
0,47.394966118547174,8.64601194043233
13,47.40664331990882,8.647601645647425
22,47.408441938833604,8.647642471293523
29,47.44713969747416,8.645869483252818
16,47.381420926145495,8.651002584686617
4,47.3841466374783,8.648415695473481
21,47.38323344732554,8.64971939252468
75,47.38321955799589,8.651043505736958
150,47.384118873541986,8.651063967301965
0,47.39134115643253,8.648579055208858
0,47.39132728020233,8.64990337034258
27,47.39401132779986,8.651289090282324
46,47.41112599913687,8.649028522931557
101,47.44618492865559,8.651151811821128
32,47.44708422618876,8.651172299604278
69,47.45159460161456,8.649948933848602
23,47.33193036304001,8.652524019515365
20,47.33282969218015,8.652544486255044
4,47.33372902107977,8.652564953687222
0,47.340937552369596,8.65140565611535
0,47.37869515458269,8.653589209120051
24,47.380507706022236,8.652306170657798
98,47.386802913214645,8.652449558103058
53,47.38678899258013,8.653773759355131
11,47.44344527412544,8.655067188716865
22,47.44615710224791,8.653803171010235
63,47.45065358489799,8.653905840982993
44,47.33278788108626,8.65651306544878
11,47.33370116172471,8.65521071846993
5,47.33460048991841,8.655231231222613
11,47.37868122085655,8.654913208483778
109,47.38406316342192,8.656360502633515
4,47.34353784751016,8.660728900137867
0,47.35073243746204,8.66089379709997
4,47.37861132444033,8.661533194857636
4,47.391201710611796,8.66182217527713
50,47.38487845558225,8.664325970547106
42,47.388489747483206,8.663084480450168
0,47.39207295010106,8.664491482348026
4,47.39297226077027,8.664512174478192
26,47.338999131756744,8.664594897494508
25,47.33989845686475,8.664615570640656
34,47.338985071699994,8.665917907858868
5,47.3434676172339,8.6673445134468
93,47.38486439872604,8.665650120803376
34,47.3884334859216,8.668381437796652
41,47.42980152439303,8.66933696102468
29,47.337158256531744,8.668522448390235
22,47.33895690606333,8.668563926485838
44,47.33984212465054,8.669907697165527
53,47.34164077225757,8.66994922411065
4,47.3875059532456,8.671009111833655
7,47.38749181974386,8.672333325646084
16,47.390203884777314,8.671071515206128
6,47.39110319477876,8.671092317740076
7,47.42888811110048,8.670641417444074
27,47.43155773255996,8.673354472314994
5,47.438780386367384,8.670870371676422
12,47.44055069870373,8.673563078169822
36,47.442377569390615,8.670953648949412
43,47.44327686447825,8.670974470033917
5,47.33621657126284,8.672470532221379
95,47.33891454380034,8.672532949160606
5,47.426147781278,8.674554517987772
62,47.43154357227036,8.674679781894511
112,47.40001941679404,8.394411533242362
180,47.40361682239165,8.394476066936202
0,47.41980509671599,8.394766576880661
26,47.428798546157374,8.394928047933202
25,47.431496575890044,8.394976499930088
18,47.39640007159732,8.396996010212579
69,47.39548972854384,8.39830431336591
33,47.39909812813686,8.397044537336095
60,47.40180715884074,8.395768434468703
76,47.39999747980748,8.397060714140476
197,47.401796182383514,8.397093069394234
150,47.4080806404037,8.398531121084963
132,47.408979989330675,8.398547325755553
0,47.416185766060984,8.39735199041342
0,47.447673733808664,8.396593093130795
33,47.39188131116697,8.399563918665303
16,47.390970937750254,8.400872066883348
107,47.401763161846475,8.40106697087747
112,47.40806963226964,8.39985591156231
19,47.426944874358774,8.401522055330206
0,47.429642902904746,8.401570840013791
42,47.394557314088125,8.402261479819828
79,47.401752124612386,8.4023916036049
102,47.40355082469328,8.402424140064735
227,47.40352870390277,8.405073493370452
55,47.40534952375055,8.402456678730509
91,47.404439121367275,8.403765108428468
76,47.40804757041341,8.402505490865861
107,47.4089358648804,8.403846573886996
42,47.40712609951236,8.405138751938157
113,47.4080254477733,8.40515506796283
60,47.42421367230709,8.405448851028883
93,47.44489850264925,8.40582450161668
37,47.446697176935615,8.40585718074161
0,47.39361366741613,8.407542936813586
93,47.399920221752595,8.406332829971857
17,47.406204568312646,8.407771921830136
87,47.42240389776403,8.406741345521402
57,47.42329213897406,8.408082861098585
8,47.4322855594999,8.408246593839227
16,47.44217829169506,8.40842676402136
14,47.443988073573585,8.407133846451496
96,47.44667497754856,8.408508681792384
0,47.34681368269923,8.410663169006492
5,47.3746938546411,8.411171538360772
142,47.42325874037406,8.4120583610168
38,47.425967916230306,8.41078244329434
9,47.426867258304135,8.410798860528136
18,47.38996055215043,8.414099222641532
7,47.394468481108255,8.412857089879166
16,47.39536783182886,8.412873532382312
172,47.39534547128923,8.41552247407954
28,47.39806588246602,8.412922863235444
65,47.407958715150755,8.413103785953531
59,47.411544925121184,8.414494466675412
83,47.41153373388736,8.415819340030202
0,47.41604165089054,8.414576849666336
55,47.420527177078036,8.415984343856978
22,47.423236398639695,8.414708691509334
17,47.35124338274092,8.418685378356697
50,47.381821543229755,8.419247626048879
52,47.389016362727176,8.419380013750786
137,47.39083751489815,8.416764401623098
176,47.398021098371366,8.41822101284979
139,47.39983101521421,8.41692950054603
51,47.41330999578765,8.418502170888315
41,47.418706059454735,8.418601441834207
13,47.41959416397551,8.419943062113989
44,47.37820162214403,8.421829531964793
110,47.37910097608622,8.421846120935092
104,47.388105764040496,8.420687752719711
91,47.39799861516581,8.420870084297638
112,47.39707672273184,8.423502530347278
0,47.34760088766608,8.423912405884044
50,47.38267582140339,8.424560790075066
103,47.38806062361553,8.42598490467345
0,47.40246151392356,8.424926923328442
51,47.41863840150415,8.42655173799964
0,47.349354321142,8.429238936949078
25,47.355661187519644,8.428032402937651
82,47.37993244707172,8.429807224167842
103,47.383541207309925,8.428549950882669
75,47.38623926103647,8.428600065014528
117,47.388937312496516,8.428650184240658
38,47.39162400746296,8.430024683470272
168,47.396120750093665,8.430108347173897
107,47.397020097857855,8.430125081615941
37,47.4186157272634,8.429201832203967
0,47.429407808364694,8.429402584549221
0,47.44019985167668,8.429603418630498
6,47.441110536367255,8.42829455170068
0,47.44828249293976,8.431079883383768
6,47.350242321159676,8.43057898821706
0,47.3565378378693,8.430696095351058
28,47.38799245727361,8.43393061565147
15,47.393388550324026,8.434031402775148
0,47.39880742168955,8.431483105500844
45,47.41857019639677,8.43450201379995
0,47.42219035524876,8.431919011637563
37,47.42127962399631,8.433227351196527
4,47.42397764373693,8.433277738264948
58,47.437456297547136,8.434855265423641
0,47.45184562978277,8.435124578502432
87,47.45544295215833,8.435191929626036
106,47.352883367282914,8.4372462314465
63,47.35559288000308,8.435973279505648
33,47.35649223803929,8.435990100142208
4,47.358302376488716,8.434700198102748
0,47.360101091228735,8.434733798683915
50,47.39427648272126,8.435372642360605
118,47.39696309316736,8.436747618705006
205,47.39786243972396,8.436764465572065
138,47.396951646651424,8.43807212441293
35,47.417647999129315,8.437135241170845
95,47.416737207500105,8.43844337978937
94,47.419458116256486,8.43584389596589
27,47.42035745656961,8.435860734727612
26,47.42033456878085,8.438510910524625
5,47.423032587009395,8.438561564588216
0,47.425753492975666,8.43596177929174
49,47.43744487282062,8.436180779743
95,47.438344207886836,8.436197629932593
25,47.438321312438624,8.438848701666714
18,47.44011998101062,8.438882493388306
85,47.44104221149662,8.436248183931957
130,47.45453219360739,8.436501031145427
108,47.4554315236073,8.436517892203815
121,47.45540862087775,8.439169815641488
56,47.33758278528044,8.438283047476238
50,47.35197255632662,8.438552778284208
24,47.35555852130224,8.439943710112264
267,47.40052609043918,8.440788793478063
0,47.40682149979238,8.440907219443716
42,47.43649968731078,8.441465892058439
92,47.43920917613459,8.440191154654766
20,47.45268766880949,8.441770886293757
77,47.45629647585488,8.440512705393145
94,47.45628498627499,8.441838688097631
67,47.337559841603195,8.440929106356172
24,47.33664898483649,8.442235214650259
28,47.33843619895494,8.44359210613132
0,47.35193810884239,8.442522937447016
39,47.35464768052543,8.441250276428274
72,47.35554703804017,8.441267185838704
9,47.357345752336265,8.441301006377019
120,47.393296802021645,8.444626725734851
56,47.39421917705298,8.441994832489003
49,47.395095494610594,8.444660683897203
57,47.39869287673737,8.444728607127649
33,47.39960374468884,8.4434210194163
152,47.403201122484084,8.443488864660027
320,47.40318959865665,8.444813524116727
4,47.40591066235282,8.442215027466286
12,47.41220605957236,8.442333634191655
20,47.418489932229704,8.443777309608942
61,47.4373875211276,8.442808342748943
37,47.436465140036944,8.44544235747656
65,47.45627348148581,8.443164670226667
7,47.3384131334862,8.446238205073328
23,47.35461314023108,8.445220633162572
73,47.35550095318335,8.446561083012144
8,47.35638875032438,8.447901577533731
46,47.3582105665146,8.44528854228145
73,47.35728810638708,8.44791859977511
45,47.36000927818676,8.445322500289818
55,47.37529828757052,8.445611236235901
114,47.39327371303071,8.447275550736036
95,47.39687109564804,8.447343648317403
84,47.400456905362255,8.448736345733572
36,47.403154936008505,8.448787499029244
8,47.43555425981504,8.446750816517866
29,47.37436424639186,8.449566073402883
45,47.375263597321684,8.4495831295293
46,47.39413831106275,8.451265874543424
282,47.40133306553863,8.451402620472315
152,47.412136768272475,8.450282928540005
4,47.45530480574489,8.45110344261518
0,47.35635398115992,8.451872059651574
68,47.35992814471461,8.454587584025383
6,47.3662468779543,8.452060073257737
53,47.370732016167786,8.453469407508031
24,47.412989609628454,8.455599616489845
0,47.41750958500291,8.453035448541701
22,47.4165986133115,8.454343311584868
7,47.36169185230547,8.45859273262606
28,47.368898353224274,8.457406581049202
40,47.36978602074365,8.45874759348888
25,47.37249575675465,8.457475331525952
30,47.37338342249962,8.458816435691547
6,47.39856512249543,8.459298592407224
79,47.40575985740396,8.459436435522253
134,47.406659198114085,8.459453668540185
130,47.40938058817053,8.456855751053459
157,47.40936891103383,8.458180561368282
8,47.43095299642283,8.458593833878785
81,47.430941299395336,8.4599191809767
6,47.44534230270691,8.458869535862783
18,47.44533060254742,8.46019524144825
60,47.3517755475204,8.461050278344828
43,47.352686613246135,8.459744120980362
25,47.36525412359123,8.462632692242183
32,47.368874970959354,8.460054187158809
8,47.37247237292667,8.46012311642409
164,47.39675473142496,8.460588633353803
4,47.397630618952164,8.463254917659912
13,47.40034038142194,8.461982219843934
107,47.40844617143003,8.460812923094934
103,47.41023312773668,8.462172268926306
0,47.4102213896199,8.463497099283705
4,47.4273322516055,8.461175446191804
15,47.42823158588932,8.461192715637472
83,47.42910745063097,8.46386058734178
86,47.4336041148318,8.463947170284374
4,47.43991117822993,8.46274284171038
7,47.44262089859937,8.461469106461555
0,47.44079876382929,8.464085733546137
60,47.44979205117111,8.464258990528181
0,47.45251351165709,8.461659212218597
93,47.45430043256193,8.463019713094079
246,47.45338935862537,8.464328309787302
8,47.348154659377364,8.46362788846011
8,47.35355079124891,8.463731607340511
28,47.361644972566765,8.46388722516853
9,47.359834509826086,8.465176216324283
11,47.36163321467601,8.465210846842119
29,47.362532566731964,8.465228162980507
55,47.36524238009801,8.463956403870919
9,47.40660051145615,8.466077372717214
71,47.412907651445785,8.464873907221818
7,47.41289588234626,8.466198803553844
20,47.42639769210543,8.465133877390832
73,47.43179369190871,8.465237902497341
5,47.447969857481425,8.466875874790382
13,47.34452192526108,8.46752834448556
42,47.3588997940384,8.469129562387758
6,47.35982273714632,8.466499792731435
0,47.36162144160283,8.466534467929385
126,47.388578285825105,8.469703459389162
33,47.39040057784642,8.467089590653552
208,47.39127631700633,8.469755663664776
90,47.40656511711998,8.470051588173142
84,47.42997146547539,8.467853868051789
103,47.430858994546384,8.469196594235244
65,47.43444450173928,8.470591654523654
5,47.4425502906229,8.469422920733214
94,47.445260082262436,8.468149462634749
58,47.44524827566041,8.46947516410435
83,47.4488573927029,8.468219039086053
47,47.44974491205484,8.469562248210472
11,47.45245469886378,8.468288624983732
54,47.333682350501064,8.472611901705976
26,47.34088905540372,8.471428268787747
30,47.34449831069937,8.470174735046951
10,47.35796494255467,8.473082769712551
39,47.3876671172425,8.471010326665855
42,47.38765527770298,8.472334593598127
120,47.387643422973746,8.473658859939295
154,47.390365148589474,8.471062596263916
60,47.39126449186578,8.471080020644113
141,47.391240796012596,8.473728732830585
114,47.39214013863935,8.473746202533306
7,47.398459228936574,8.47121943694584
63,47.406529586028135,8.474025798316323
133,47.4308353420575,8.471847278434824
76,47.43623132804118,8.471951993230592
35,47.43800627145194,8.474637943164486
16,47.438905600598794,8.474655443698424
42,47.439804929480516,8.474672944826183
34,47.4425266329885,8.472074187437856
15,47.44071612453014,8.473364859493229
36,47.44789887745157,8.474830481703695
15,47.34174094249268,8.476738186856847
93,47.38311104864972,8.477543992201557
129,47.388519011188066,8.476324902906097
74,47.40469524203159,8.477964911094023
28,47.41551108120269,8.47552558206021
82,47.415499189931765,8.476850540819527
11,47.41641041670613,8.475543090146267
38,47.428101754549694,8.475770749305946
84,47.442479135256995,8.477376713731772
7,47.44606453010093,8.478772630320286
39,47.44696385625677,8.478790203436612
5,47.340829681472,8.478043785426937
12,47.37680371840079,8.478745284331161
24,47.381300445195194,8.478833038527215
30,47.38848326412663,8.480297761901415
165,47.39028194865681,8.48033292198711
386,47.40648199850857,8.479324736874217
50,47.407381335998274,8.479342306161366
0,47.42536803144928,8.479693817036745
91,47.441544025215414,8.481335987250823
8,47.44514133197256,8.481406450643494
38,47.34168126403507,8.483353803258815
65,47.34349193952484,8.482065868690649
29,47.34708935551205,8.482136250882386
48,47.37498115497407,8.481358086968326
84,47.37496919671586,8.48268203615184
50,47.37495722327159,8.484005984738673
97,47.375856568831736,8.484023622608477
126,47.37676788798668,8.482717267783963
154,47.37765525920272,8.48405890014052
52,47.381264611786605,8.482805357307921
41,47.38574935346545,8.484217678616805
50,47.38757197561507,8.481604445530765
9,47.39027000219044,8.481657251856342
171,47.390246063686625,8.484305909804517
31,47.39564210759351,8.484411806964925
33,47.40553483092221,8.484606007699078
172,47.41004349433702,8.483369483821878
28,47.4100315130833,8.484694304701842
41,47.411854132255264,8.482079895808063
46,47.44871470033176,8.484128493353483
9,47.44780338583499,8.485436590952961
17,47.33714850101406,8.487234761127734
47,47.33804785626069,8.487252440896006
96,47.36772644319354,8.487836209090915
61,47.371347850709746,8.485259297822173
71,47.37042448329342,8.487889311277007
225,47.37674392511113,8.485365253770029
181,47.383015307439095,8.488137192838009
126,47.38483801982926,8.485524228076665
105,47.38391465014206,8.488154903162792
101,47.39471876630587,8.487043035163248
31,47.40192548592233,8.485859999752869
90,47.404611488031776,8.487237721509944
89,47.406422172222065,8.485948396664545
99,47.40641016137995,8.48727312682742
0,47.4459927313116,8.486726936137238
19,47.33623711998094,8.488540067731682
53,47.337136475266966,8.488557769221154
0,47.35331278457977,8.490199907867094
106,47.36860170939604,8.490501488120032
132,47.37311048737174,8.489266320349781
150,47.374897128259924,8.490625718696203
256,47.38839932267115,8.48956774533962
14,47.38658858794356,8.490856510790806
177,47.390198004394726,8.489603218518521
93,47.395594043480465,8.489709652481636
72,47.402776692377095,8.49117623695844
141,47.40367602908895,8.49119400524329
11,47.33261560143092,8.491115058973346
0,47.364992259385424,8.491754211611624
124,47.36858964624693,8.491825276668894
127,47.368565474396306,8.494472851960667
213,47.36947691380788,8.493166854731138
160,47.371275604851505,8.493202436768957
136,47.3703641655323,8.494508477487207
119,47.372187029141074,8.491896351353848
150,47.37487298395331,8.493273608075981
101,47.374860889021114,8.49459755186215
0,47.378482439616846,8.492020755225868
26,47.379369702214966,8.493362585771498
227,47.38025694897116,8.49470446102761
281,47.38476575585618,8.493469378902434
98,47.38747586185193,8.49219852622578
255,47.38836311991447,8.493540586384938
252,47.38926246029754,8.49355838976362
57,47.39735651233175,8.493718647324124
145,47.404551207914075,8.49386113953357
84,47.40726130154502,8.492589834542484
63,47.35773694244737,8.498229703580433
0,47.365843204460575,8.497066857004183
109,47.368553365694744,8.495796638702068
103,47.373050090659206,8.495885818783336
76,47.37573599714393,8.497263299012102
30,47.378434026279635,8.497316886809008
96,47.37752254238579,8.498623032635777
126,47.38833890879453,8.49618914406679
37,47.392811332245564,8.498927169549033
38,47.40001817773028,8.497745785330522
164,47.400905367821764,8.499088254154312
63,47.402704039584606,8.499124057406956
106,47.40540204530545,8.499177766837397
103,47.42250151215627,8.498192925798655
181,47.422489360902794,8.499518053457036
358,47.42519950138376,8.49824660813247
47,47.423388690703575,8.499535969353287
119,47.426086678536166,8.499589720688165
106,47.36309652237934,8.502307896856106
109,47.36579455951526,8.502361727360455
177,47.36939193889919,8.502433509873912
66,47.3774982146284,8.501271048879083
122,47.37748602796977,8.502595056090048
129,47.38109558186722,8.501342773587348
199,47.38380577755678,8.500072409185762
192,47.384705118188194,8.5000903213451
155,47.385604458567556,8.500108234111348
215,47.38379360466058,8.501396573497393
60,47.39907016596623,8.503026086891971
77,47.4026918776076,8.500448692028815
25,47.401780365090474,8.501755379364553
37,47.40176817292984,8.503079990396094
170,47.40449054793812,8.500484542459953
108,47.403579035526775,8.501791273329935
5,47.416181879967034,8.50071762952388
41,47.41705683533123,8.503385547159796
219,47.419767023050916,8.502114428565077
341,47.42247719445,8.500843180507786
98,47.425175182457075,8.500896997197426
0,47.4260623288019,8.502240153325129
14,47.35857537857907,8.504865265585623
112,47.3630721100305,8.504955194336363
111,47.370266867512655,8.505099112011806
113,47.37296489747475,8.505153091193696
90,47.37387645651262,8.503847168886953
128,47.3801718507068,8.503972989440578
55,47.39814640153257,8.505657161531229
61,47.3999450727919,8.505693184860112
94,47.40175596557574,8.504404600818543
90,47.40265530051412,8.504422592245687
61,47.40355463519602,8.504440584282717
25,47.41523373701358,8.505999481786032
72,47.41703239848298,8.506035528326795
37,47.4188432853446,8.50474654225905
115,47.41883105891261,8.506071577312406
251,47.42064194514172,8.504782548911669
191,47.42154127464915,8.504800553153853
120,47.421529047603585,8.506125655375532
234,47.422428376645406,8.506143682619305
94,47.42423926160429,8.50485456954433
24,47.426925017931175,8.50623382801026
0,47.35224321920954,8.508709528436475
14,47.3558651094455,8.506134784763164
116,47.35584060927657,8.508781721175339
189,47.35943799542424,8.508853923691328
323,47.36216053548888,8.506260832854156
32,47.36395922642903,8.506296852082166
140,47.36393472257565,8.508944190588853
126,47.36753209985307,8.509016415111677
152,47.368431443553376,8.509034472771125
121,47.36935529331597,8.50640492440436
87,47.3792235485464,8.50925121239689
186,47.381921569168846,8.50930541107079
40,47.38282090887387,8.509323478519574
145,47.39363748302066,8.5068915217596
67,47.39723482880191,8.506963648124716
52,47.39993283546014,8.507017749315914
137,47.41432216528294,8.50730638194261
152,47.417020157262215,8.507360517993854
77,47.41971814690185,8.507414659552838
70,47.41970588986829,8.508739715771481
23,47.426013446929254,8.507541011281509
44,47.42691277445772,8.50755906397748
0,47.33421936124672,8.512317503879204
146,47.35313029485289,8.510050975992586
30,47.359425721748835,8.510177480327746
15,47.35941343289198,8.511501036352195
28,47.36212375816373,8.510231705650202
5,47.36211146869088,8.511555328692408
0,47.36301081346446,8.51157342736476
120,47.368394570822176,8.51300581110069
100,47.37021785407298,8.510394414673467
290,47.372891282517564,8.513096443785743
122,47.373790624110015,8.513114572164659
174,47.37831192985387,8.510557173300732
163,47.37648864739007,8.513168960985855
221,47.378287328326834,8.513205223270713
125,47.38280862986439,8.510647616203698
322,47.38188468719264,8.513277755211474
61,47.38460730810901,8.51068379765489
173,47.39090267401467,8.510810452044302
82,47.3962986920473,8.510919036864383
96,47.396286394766385,8.51224350938775
112,47.39899669762548,8.510973337555214
14,47.398972086637336,8.513622416209431
109,47.41518468258497,8.511299257691922
131,47.416084012629064,8.511317370198938
96,47.41787036972021,8.512678606657252
133,47.416059393819694,8.513967299240752
104,47.424177971310336,8.511480410405943
171,47.42415334879442,8.51413074245416
31,47.42597662592159,8.511516648322008
45,47.33240834326458,8.513604186696762
4,47.36207450917919,8.515526194139001
114,47.363860846630175,8.51688619141134
302,47.36477254090672,8.515580693067744
97,47.3665712274894,8.515617028762884
325,47.370156245622226,8.517013529215962
261,47.37196728128698,8.515726050616141
197,47.37195492881503,8.517049916990924
339,47.37557698362069,8.5144747877703
132,47.373753611011956,8.517086307230889
290,47.37737566464587,8.514511093531652
337,47.37646398594035,8.515816919086266
300,47.37826266605273,8.515853270783772
295,47.38187236282506,8.514601868697303
167,47.38636905471943,8.514692659241192
128,47.38635671413268,8.516016883906
173,47.39536241954384,8.514874286481557
0,47.398959758354366,8.514946954614343
0,47.40433105427616,8.51770531873314
142,47.412449742358284,8.515219547883772
88,47.411538065529655,8.516526221748046
72,47.41334907256232,8.515237725697832
120,47.41423605552205,8.516580822339511
11,47.416934043180355,8.516635428485559
190,47.337755045074694,8.51900500396088
101,47.33956612046198,8.517718375611082
196,47.36204979359388,8.51817343469582
65,47.36474782408242,8.518228067672721
107,47.36473544289592,8.519551754050505
112,47.37372885968598,8.519734127528025
232,47.37732621943027,8.519807094216423
183,47.394426011298904,8.518829396963524
161,47.39441362328136,8.520153821054029
5,47.41241265705249,8.519194166364636
0,47.43488342105432,8.520975907517757
0,47.435782743886136,8.520994190360172
0,47.43848071079273,8.521049042609464
0,47.45017187305164,8.521286800226589
307,47.337742654916354,8.520328019789241
6,47.337717829073895,8.522974049593735
93,47.34044070392038,8.520382736780544
0,47.34222699568079,8.521742344680128
15,47.348510007061,8.523193486676147
19,47.358415231399746,8.522071187504283
0,47.3593269858144,8.520765911324682
180,47.36201260634993,8.522144290904548
19,47.362911949471574,8.52216256830173
188,47.36650931948804,8.52223568408
85,47.37459095849471,8.523724161134256
280,47.379087653187085,8.52381570941812
174,47.38989212736921,8.522711178175758
42,47.39170321562951,8.521423416242765
162,47.3943763680811,8.524127089610532
115,47.40966500941675,8.52443864925333
10,47.41058919841891,8.521807331328846
45,47.4456379867814,8.525172439647935
4,47.45105877506696,8.522630927742824
92,47.3475733007868,8.527144973596728
23,47.34847264699556,8.527163330409277
39,47.34939691526592,8.52453508131652
187,47.35386871913143,8.52727348433451
207,47.3565667519,8.527328569688008
156,47.36017659673149,8.526078454569943
157,47.36197528246705,8.526115141543327
80,47.36287462496504,8.52613348596173
130,47.363773967216275,8.52615183100132
23,47.361962810808635,8.527438757181628
83,47.36647199248673,8.526206869847568
272,47.37096869631388,8.526298613685098
168,47.37005688251101,8.527604080403254
110,47.371880495100044,8.524993102271864
72,47.374578514289375,8.525048090848639
163,47.373654241258244,8.527677573567125
87,47.377276531231644,8.52510308501351
142,47.378175869711995,8.525121417643767
279,47.384458770364525,8.526573938442535
96,47.38716924069828,8.525304778109698
100,47.38896791186937,8.525341457658584
141,47.39165345337777,8.526720835534356
224,47.39346458536208,8.525433167407277
79,47.396150122017126,8.526812666441714
0,47.40514344014461,8.52699637495022
125,47.410551886416016,8.525781806228604
78,47.41413673255312,8.527180145747282
104,47.415036060370944,8.527198526254251
4,47.420444491838154,8.525983752427607
7,47.434821206288966,8.527603055162603
0,47.4420157731916,8.527750231453293
113,47.44471373139326,8.527805432863442
125,47.448311005257835,8.527879043486545
144,47.44829851356159,8.529204807252254
43,47.449197831149775,8.529223233882652
51,47.45190827483789,8.527952664103658
100,47.45282006909581,8.526645194355917
58,47.455505540119326,8.52802629471712
130,47.3385673439482,8.52828447407244
141,47.34395093300807,8.529717888675927
123,47.35024635524689,8.529846694598952
84,47.351145700307775,8.529865097936609
86,47.35204504512467,8.529883501897249
33,47.36553518795204,8.530159636089808
162,47.371843073246744,8.528964686541855
61,47.37272990807069,8.530306965019376
17,47.37632726215467,8.530380644455517
91,47.37812593769664,8.530417487917441
114,47.38981730420807,8.530657031279935
137,47.3943264818037,8.52942477232256
164,47.41231309426484,8.529793121705202
136,47.41140125256484,8.531099542536394
4,47.43479621396426,8.530253909857281
133,47.45098395799112,8.530585919401684
165,47.33493241505757,8.532179820347556
104,47.33581922232256,8.53352122272062
93,47.33854233558555,8.530930541074458
69,47.34573711284966,8.53107789902972
67,47.346636458918034,8.531096321579605
106,47.35022131109586,8.532493340807598
0,47.35293187458407,8.531225296890552
0,47.35652924959225,8.531299010791345
11,47.36279956603003,8.534075304489225
4,47.36462332898919,8.531464903573283
80,47.365497588279545,8.534130743623319
0,47.378113416726286,8.531741503927567
34,47.38171076396428,8.531815287760502
63,47.38708168557814,8.534574459548873
103,47.38979224163514,8.533305643993055
198,47.39069157533361,8.533324119503693
61,47.39247768726832,8.534685444914277
103,47.39428890758832,8.533398027807568
184,47.39699944466569,8.532128980636491
57,47.397873679809365,8.534796452849013
22,47.40328222037381,8.533582842409212
82,47.40508087985657,8.533619812847633
225,47.40596765136199,8.534963007085828
144,47.40957752405814,8.533712249911181
226,47.4122880516051,8.532442854308586
209,47.41047685212438,8.533730739204325
158,47.41678468650943,8.532535204528054
239,47.42485350360921,8.535351831338213
106,47.445562994749956,8.53312661695104
26,47.44916026419367,8.533200588663641
93,47.44823582698397,8.535833616684796
69,47.33310861992468,8.534788742890278
39,47.33488215888334,8.537471587269238
84,47.34120275062745,8.534955092350621
60,47.36547244591623,8.536778145517742
0,47.36727112533838,8.536815197443595
5,47.37446583309022,8.536963430246724
0,47.376264507535176,8.537000494723896
49,47.3843459317508,8.538491485320687
288,47.387955866955465,8.537241475047562
253,47.3870439341187,8.538547170780188
257,47.3906538669199,8.537297100966779
126,47.39426378215574,8.536046861667627
150,47.39515052845005,8.5373898234
66,47.39513792754536,8.538714261127557
79,47.39606244591632,8.536083909047948
209,47.40053391170586,8.538825683009726
86,47.401433241504044,8.538844255526557
53,47.40414383237135,8.537575315412335
46,47.408653063577916,8.53634331104344
46,47.4095271981245,8.53901143651285
19,47.41133845701314,8.537723754302421
98,47.41042652534906,8.539030015326976
141,47.41492315758869,8.539122918847308
146,47.41672180866827,8.539160084665983
138,47.41944498132952,8.536565753628334
59,47.42213036288557,8.53794648814847
0,47.4257150484238,8.539345951576452
4,47.43201030065718,8.53947609592955
180,47.449122560377695,8.537177937795281
40,47.33305824403838,8.540080326273284
0,47.34026563953569,8.53890583069728
19,47.37084327558288,8.539536976348982
103,47.37264195118152,8.53957412519663
126,47.38340871149602,8.542445362017872
206,47.38430804549,8.542463989654323
199,47.393326648443384,8.540001517899507
73,47.39691134172615,8.541400362277276
109,47.39872263440143,8.540113066439494
67,47.399609332157326,8.541456208384046
11,47.40681659606278,8.54028043179135
25,47.40680396202938,8.541605159102472
203,47.41311188515414,8.540410640151835
93,47.41401121113196,8.540429243869097
207,47.41489790091506,8.541772776956202
72,47.415784574818595,8.54311635481185
183,47.4283750979262,8.54337751770929
35,47.33393231260612,8.542744728864598
69,47.370792682124964,8.54483230384266
88,47.37440270093088,8.54358304131104
111,47.37439002894266,8.544906961632437
33,47.381597384257056,8.543732208416273
141,47.386980711239055,8.545168343575996
162,47.393276033838724,8.545299081049894
144,47.39507469515218,8.545336440310537
82,47.40048335110177,8.544123964495963
56,47.40587932096772,8.544235946027015
28,47.40677864837871,8.544254611830045
75,47.407677975532025,8.544273278265893
161,47.40946394881121,8.545635405586602
206,47.41487258345385,8.544422632538563
53,47.43106039033376,8.544758827837788
5,47.36627060728985,8.547386432333763
14,47.368069282834696,8.547423843019645
149,47.3698806586842,8.546137448923984
30,47.36986795738655,8.547461256239567
0,47.37796198053375,8.547629647095821
72,47.378861315188495,8.54764836036004
84,47.37976064959239,8.547667074258213
213,47.38065998374514,8.547685788790371
108,47.386068688495065,8.546473879629
83,47.38785464790008,8.54783552787563
77,47.39056534896947,8.546567369019028
63,47.39146468030394,8.546586068797904
95,47.392364011384394,8.54660476921049
44,47.39233858298121,8.549253500991213
161,47.401357308171356,8.546791808198439
114,47.402231203362916,8.54945973948956
235,47.404042582848724,8.548172589276977
48,47.407652600678745,8.546922773217617
162,47.405841237169355,8.548210053239522
139,47.40674056394346,8.548228786173365
212,47.41035057931692,8.546978910597826
234,47.41484720520524,8.547072485588323
90,47.414834493285646,8.54839741116158
76,47.41751973731078,8.549778623020783
151,47.41844450124217,8.547147357004514
71,47.41933111161766,8.548491113948783
102,47.424714315547675,8.54992874947752
90,47.42832432869149,8.54867856719863
0,47.44001547152978,8.548922351508052
211,47.359937047110684,8.551226195741226
195,47.36354714694349,8.549977620976062
91,47.36442097883102,8.552643710847995
6,47.36713175210349,8.551376354397098
105,47.368943172512466,8.55009011735092
80,47.369829762388925,8.551432674381783
0,47.37254051792492,8.550165127634857
85,47.373414343065846,8.552831670763856
35,47.3851056792217,8.553076113855274
103,47.38692985953374,8.55046527042735
0,47.38870300486174,8.553151348776515
32,47.40131913639903,8.550765575984064
93,47.42020496251659,8.551159974288325
171,47.421104284714254,8.551178762166069
52,47.423802249738515,8.55123512962267
152,47.42739953276914,8.551310295154043
150,47.42558813170753,8.552597903440883
180,47.427373996572726,8.553960768745888
0,47.431883369076466,8.552729615509094
0,47.4318705923093,8.554054963968337
320,47.35448988329952,8.55640729963143
261,47.35538922290823,8.55642615276098
161,47.356314155844494,8.553798070370632
33,47.35901217374439,8.553854501489619
98,47.36171018942947,8.553910938340913
19,47.362596736805855,8.55525337665766
92,47.36980422313674,8.554080283298585
120,47.36979143073459,8.555404086801317
29,47.37247662863137,8.556784483539086
88,47.37787263285732,8.55689768853918
75,47.38419356654446,8.554381468491675
92,47.38328143885436,8.555686778411822
53,47.383268628056825,8.557010916550972
17,47.387790892341116,8.554456790302382
45,47.3859666222568,8.55706753918876
0,47.41746867431504,8.555078585024047
0,47.42373829952459,8.557860860947386
134,47.427335578275716,8.557936474339387
18,47.429159844330755,8.55532372554611
98,47.42824771882065,8.556630122338003
94,47.428234897306844,8.557955379290446
54,47.43005916326426,8.555342586987013
0,47.43093285282087,8.558012097991549
207,47.353577724531554,8.557711847261784
217,47.354464229863105,8.559054143901106
149,47.35807442027716,8.557806227772144
37,47.35626290797811,8.559091940133701
0,47.35896092330925,8.559148639281455
179,47.36436978398757,8.55793838733214
89,47.36615562001375,8.559299865169189
62,47.37156447052066,8.558089465194838
93,47.37965847380128,8.558259476729187
69,47.38144429769576,8.559621356256248
16,47.38325580207147,8.558335054050685
245,47.4057261652848,8.56013234050201
224,47.411122110511684,8.56024595607719
20,47.418316689640086,8.560397479470124
61,47.4291085270159,8.560624841654146
168,47.349928939513084,8.562929591153214
15,47.356224312686294,8.563062335740362
81,47.36344475896774,8.560566795203767
87,47.36341901015148,8.563214082366919
194,47.36704210349477,8.560642505197418
130,47.367941439006806,8.560661434298328
105,47.366117017627566,8.563270997950482
95,47.36882790616339,8.562004141999429
67,47.3724252438703,8.562079956765155
29,47.372412359718226,8.563403823468517
60,47.37331169330658,8.563422801113322
88,47.376035447413976,8.56083182505941
48,47.376022577586255,8.562155781803172
16,47.380519239097254,8.562250577549737
35,47.38323010453732,8.560983327128765
16,47.40480110194196,8.562762752196306
108,47.4057133035489,8.561457035887424
25,47.407499075199645,8.562819689428217
180,47.4065868586984,8.564125426183313
104,47.407486182644284,8.564144428281256
106,47.410209924141775,8.561551825818585
52,47.42459906644131,8.561855261616422
328,47.42367396932905,8.564486576244308
136,47.42729702317613,8.561912174161542
175,47.42819634156224,8.561931146296942
42,47.43088141217849,8.563313388136113
186,47.43176783091574,8.564657728568413
130,47.43536509587738,8.56473381304275
5,47.3399974658523,8.566690240193623
21,47.35709784420448,8.565728273685613
45,47.358883592228345,8.567089826755643
108,47.36427960848643,8.567204046532817
53,47.37060079288773,8.564689691473278
46,47.3750974597505,8.564784691439419
26,47.374185211924065,8.566089600273557
43,47.37688320914553,8.566146673097482
23,47.382292113713454,8.56493672485667
17,47.40834673684998,8.568137710847793
98,47.41286921184736,8.565583326886886
128,47.4272583312744,8.56588786819184
121,47.433553549912304,8.566021156991942
183,47.43622562186362,8.568729197872763
160,47.43713788181161,8.567422812668616
118,47.43803719642744,8.567441881497437
33,47.342656631679084,8.5707166858428
25,47.34896497905882,8.569527050115623
7,47.349864317981556,8.569546122703647
88,47.36065636596187,8.569775044129093
102,47.362467994876404,8.56848958904198
33,47.36244206430769,8.571136823798359
6,47.3678510449099,8.569927710094397
27,47.37146133828879,8.568680217454315
8,47.37236067126279,8.568699283846636
92,47.40563581405711,8.569405194677882
206,47.40923310586411,8.569481562398153
124,47.409220136902,8.570806342778763
5,47.41550240040676,8.572265104287666
0,47.42181062252257,8.57107402475987
64,47.426307212134354,8.57116965627188
0,47.43530037162604,8.571360967961875
13,47.44158257554056,8.572820510633875
16,47.33273789428516,8.573152492741576
41,47.334549575804125,8.571867825623094
7,47.33814694381179,8.571944257086633
54,47.34352998990771,8.573382070481387
68,47.34444232853388,8.572078037045067
55,47.34442932963898,8.573401206168368
217,47.35523438892435,8.572307447871204
37,47.373221077556245,8.572690006434657
0,47.39930159817737,8.573245176914098
117,47.40649618687866,8.57339842343412
139,47.4064831729844,8.57472313473514
125,47.40918113884543,8.574780680028944
4,47.41459007943395,8.573570875457204
43,47.423583268689576,8.573762550552594
61,47.427180537066015,8.573839238794857
73,47.42536888493657,8.57512607474863
73,47.43797231689476,8.574069365967171
180,47.43887163015928,8.574088547461004
121,47.44335516966652,8.575510094070728
16,47.447851724234255,8.575606139627828
6,47.33179947281277,8.577101931556019
59,47.33629618147833,8.57719790911529
54,47.341718296298524,8.574666902556487
36,47.34259156349467,8.577332304982072
64,47.34440328631894,8.57604754247122
77,47.347987595778314,8.577447526783091
153,47.35161102292378,8.574877662077187
161,47.35249732903832,8.576220194701069
0,47.3579063790317,8.57501182263831
66,47.35788029882373,8.577658827539935
7,47.35880571463636,8.575030991028385
33,47.360591351939895,8.576392899541416
29,47.36057830359165,8.577716468677346
109,47.40467149913449,8.576009440356591
91,47.40647014389586,8.576047845385894
79,47.40555777757943,8.577353330169405
71,47.41455098628447,8.577545611666228
123,47.423557217429085,8.576412823085771
203,47.424456534481074,8.576432038953534
101,47.42354416900026,8.577737958375128
51,47.42534280240529,8.577776435545694
4,47.434349004691484,8.576643456524614
48,47.432537325506125,8.577930370334029
101,47.44244282014122,8.576816493232648
36,47.446027010638566,8.578219110699141
18,47.44781256125849,8.579583359986666
0,47.45500702937277,8.579737604730612
45,47.333585100014744,8.578463219323888
14,47.33355894052465,8.581109014757688
55,47.3371693916019,8.579863081843458
46,47.34257850432915,8.578655426863385
30,47.342565429987495,8.57997854809409
26,47.34165300156172,8.581282400347943
41,47.34255234046964,8.581301668673428
18,47.34526344591283,8.580036290012304
6,47.3488738729485,8.578790010849984
10,47.3524581443423,8.58019029712864
0,47.35334438840525,8.581532939455355
91,47.35784106465814,8.581629330011767
48,47.361464574273455,8.579059274514442
7,47.3614384012334,8.581706454206397
29,47.3974115473831,8.582478271117989
186,47.40283367753292,8.579944897475347
163,47.4028205885431,8.581269516018155
14,47.40460612796511,8.582632760073636
111,47.4091289287066,8.5800797872537
53,47.41990766519132,8.581636145142353
39,47.425290454948104,8.583077149302829
183,47.444202236899514,8.58083190249164
50,47.452269802729674,8.583657308711176
59,47.45316911018298,8.583676657532147
77,47.33264649691954,8.582412627376373
9,47.33263337945952,8.583735501148976
0,47.33444517887877,8.582451196270826
37,47.357827956241984,8.58295282953119
61,47.36142529194114,8.58303004307338
5,47.38389542003837,8.584837011672839
57,47.40098258665965,8.58520465468237
184,47.402794364984025,8.583918751141304
129,47.40369368669573,8.583938086270853
211,47.40368055190686,8.58526272522325
243,47.40547919411893,8.585301442198189
106,47.4081902913907,8.584034771751233
32,47.41718348137418,8.584228191890356
25,47.41806966063872,8.585572534544545
60,47.42076761111982,8.585630642507125
14,47.42166692742419,8.585650013141816
12,47.42347869887056,8.58436362501921
99,47.44594836799565,8.586173268741705
49,47.346110331436435,8.585348374207264
94,47.34609718033549,8.586671581469304
43,47.34789585372651,8.586710303904539
47,47.3613990278123,8.585677218845575
4,47.39376169107354,8.587698612573742
4,47.39644648254087,8.589081259585667
167,47.40276808065241,8.586567983642771
98,47.41445923705853,8.586819973294276
65,47.413533568496746,8.589450352468734
102,47.41443288622608,8.58946978499677
87,47.41534538693032,8.58816429027828
47,47.419855140612306,8.58693631367892
0,47.423426049185075,8.58966414652568
142,47.4441234144307,8.58878578374951
115,47.445935207669756,8.587498959450194
55,47.44770745759768,8.590189252099188
96,47.45491510458179,8.589019017829948
46,47.346970168979375,8.58933739956822
98,47.356862853013475,8.589550903884309
141,47.36044698514223,8.590952124128401
41,47.359534437539615,8.592256225993912
12,47.38201766954365,8.592742925562987
5,47.38293021643424,8.59143828151122
101,47.39730617753941,8.593074116798066
166,47.398205499247666,8.593093604578051
12,47.404513970194806,8.591905380157256
140,47.41352037050672,8.590775234949414
155,47.41440647460813,8.592119594063465
115,47.412594611612256,8.593405498916695
85,47.41349392893829,8.593424997930995
99,47.416218322252284,8.590833601660252
48,47.41980237286634,8.592236471692887
25,47.42070168832943,8.592255953610008
91,47.451291479501585,8.591592909642623
5,47.4503657131191,8.594225027241698
109,47.45126501934521,8.594244554059012
141,47.45397617475469,8.592977249365426
89,47.454875480124905,8.592996756417556
35,47.346017955011156,8.594610811253952
72,47.34871596076202,8.594669297765734
12,47.35319937302055,8.596090169769349
6,47.355024543343376,8.593482362784073
4,47.35411196567283,8.594786288608702
38,47.35682320963915,8.593521321666085
0,47.35772254241835,8.593540802096367
9,47.357709297378804,8.594864295706898
35,47.35769603715893,8.596187788657105
84,47.35952120723828,8.593579764935669
10,47.380205781346845,8.594028027312243
22,47.3792799388939,8.596656589458416
31,47.38107859087754,8.596695673396557
87,47.39369564944382,8.594320560560979
87,47.40628614126844,8.594593725794033
242,47.410782733267865,8.594691316228209
105,47.410756201854284,8.597340940955378
49,47.41526605957161,8.596113847811107
84,47.41886332241938,8.596192034851368
72,47.44585592640348,8.595453089840282
0,47.44765454082783,8.595492182330903
77,47.45125176645688,8.595570375273383
28,47.45033919257957,8.596876624179796
117,47.35407214213382,8.598756497473977
32,47.35588409728372,8.597472186739754
119,47.35948142524932,8.597550377800042
145,47.36036746537825,8.598893485855248
24,47.38196463510011,8.598039311967407
75,47.38376328512809,8.598078444590413
7,47.394555164023295,8.598313296027065
126,47.399937788690785,8.599755299769766
68,47.41703812660262,8.598802876759123
80,47.417024821349926,8.600127844139738
48,47.4197360712318,8.598861654338927
102,47.42153469967824,8.59890084271453
20,47.3450654997382,8.599884034440768
10,47.379226724873234,8.601952699662583
18,47.38012605010136,8.601972330714371
10,47.38192469980256,8.602011594813192
17,47.39540119481174,8.60363058874799
40,47.41068960740331,8.603964991151415
37,47.414313555261046,8.60139390495229
35,47.41609885052395,8.602758118553526
0,47.376488679718285,8.605865685004119
168,47.3764752933596,8.607189641839723
94,47.3935624269004,8.607564406858096
45,47.3962871543528,8.604974704210655
138,47.39715970649344,8.607643335506973
108,47.398059025752524,8.607663069341179
20,47.40165630022593,8.607742011367122
217,47.40348170687698,8.605132230338578
8,47.40345493592164,8.607781486394108
21,47.41246149423417,8.606654050217106
25,47.41244809891989,8.60797890168161
105,47.41517281954323,8.605388301431248
40,47.415159438753214,8.606713220710674
27,47.41605875307262,8.606732945546181
24,47.42503848345122,8.60825539556798
8,47.332367843880654,8.610192838422382
4,47.347683364936714,8.60788224489144
53,47.39175038021997,8.608849282782025
155,47.39711944082544,8.611616744788131
151,47.39894493760923,8.609007319011914
62,47.41153537349906,8.609283985555322
69,47.41243468840994,8.60930375247662
26,47.42231370706913,8.610846329215772
39,47.42501164095028,8.610905723299597
13,47.42591095171886,8.610925522670604
31,47.33863630344096,8.61297715303909
182,47.39530735106416,8.612901568608256
141,47.397092521090244,8.614265680954624
69,47.40158910920538,8.614364916059062
100,47.41597814785956,8.614682581450896
44,47.42048818212347,8.61345683766779
0,47.42946781103827,8.614980549328607
27,47.331428154059054,8.614141597114873
32,47.331414672668394,8.615464432689151
74,47.33231400845547,8.615484273991465
39,47.335911349201275,8.615563645914367
78,47.36199195344982,8.616139413815286
4,47.3880858452938,8.615391504622604
77,47.388958158934685,8.618059895505414
144,47.39258244504999,8.615490817911141
105,47.39346826729457,8.616835059524737
125,47.39886417570301,8.616954395928246
69,47.40605870588285,8.617113548890563
21,47.41416603471768,8.615967756050948
7,47.41863557541523,8.618717173234351
55,47.42495777355823,8.616206370698047
56,47.425843578353756,8.617551442192546
112,47.42762867612384,8.618916493544388
20,47.43122590904344,8.6189962406007
23,47.44111827772338,8.619215600815231
101,47.44201758237096,8.61923554671306
48,47.44741340464224,8.619355236315503
107,47.334058599310325,8.62081556194933
32,47.34487766910417,8.618408461408235
59,47.36193784543811,8.62143378562621
20,47.38983041066184,8.620728373807962
137,47.393427685324085,8.62080818628727
109,47.39612563864334,8.620868052747301
83,47.39611208025943,8.62219249408032
98,47.397924272911254,8.620907967102458
11,47.41411193500014,8.621267318097972
82,47.41952135277964,8.620062126703697
56,47.42221928428095,8.620121984889591
33,47.42490366297997,8.621507007302952
95,47.4275880227539,8.622892169483968
31,47.431212372214056,8.620321556170955
14,47.43118525295271,8.622972185279256
59,47.4410911838772,8.621866724092495
121,47.4447019544833,8.620621040070702
7,47.33134703812465,8.62207860047611
5,47.36460867803478,8.624140964052216
37,47.38709173807834,8.62464117262521
29,47.38980328187824,8.623376942698988
56,47.39160191881148,8.623416937035245
26,47.39518560108194,8.624821351452036
65,47.39969577238094,8.623596945098733
46,47.40059508816402,8.623616949384386
75,47.401480813561086,8.624961528540116
32,47.403293033971316,8.62367696631001
91,47.42036637511571,8.62538225945028
61,47.43925182125618,8.625803290113764
81,47.441963332956114,8.624537880174824
82,47.44194973259268,8.625863461842409
15,47.44554694396887,8.625943700343385
56,47.3322192123025,8.624744260362183
12,47.335816546715535,8.624824257094431
61,47.3555882077829,8.62658786563194
113,47.35557458369531,8.627911297840965
59,47.39514474432241,8.628794600212291
68,47.39786994641324,8.626205907308732
40,47.400540637403395,8.628915152592684
47,47.404137894322766,8.628995534468116
115,47.405963779736254,8.626386360776086
124,47.40683583430662,8.629055828027958
4,47.412245345734036,8.62785159288485
69,47.42033913971598,8.628032345722357
18,47.42212411677472,8.629397607402359
58,47.440110234356844,8.629799953164222
132,47.44283542004266,8.627209123839258
32,47.44192248625426,8.628514623134832
56,47.4446340252752,8.627249287903531
11,47.4455333274901,8.627269370957961
9,47.33127902426466,8.628692751386518
45,47.33126537597488,8.630015579535112
107,47.35466161722111,8.629214647278268
92,47.358258924573846,8.629294979728138
31,47.366339194490465,8.630799466419301
8,47.368137841773105,8.63083969365301
4,47.37531874627607,8.632324551505182
55,47.38882221350728,8.631302502767719
22,47.38972153098863,8.631322633085082
20,47.39153382876612,8.63003857101232
50,47.392419481906245,8.631383028130283
30,47.393318798369236,8.631403161176518
80,47.40592286919655,8.630360412830303
5,47.41670093621245,8.63192685998796
75,47.41849955494558,8.63196716363679
138,47.42121115220548,8.63070256109863
78,47.42029817263354,8.632007470019333
58,47.421197481084924,8.632027624235848
36,47.4193851780597,8.633312334166062
57,47.42389540486657,8.632088090986828
61,47.424794712268785,8.63210824793777
78,47.42569401940816,8.632128405572418
102,47.42568033194484,8.633453579974201
102,47.43916990390761,8.63375636252397
84,47.443693783497466,8.631206078836277
36,47.444593085294855,8.631226228430812
67,47.44456571595178,8.633877518697817
56,47.44727731132401,8.632612394019256
0,47.451773811117675,8.632713274568225
0,47.45445801296698,8.63409970243553
5,47.3312380338777,8.632661233792774
7,47.35192262798955,8.633124427615694
42,47.35911723917791,8.633285623055105
67,47.360002863339226,8.63462931603204
25,47.37080844862678,8.633547658790519
39,47.371707770689376,8.633567820164323
141,47.37347898975234,8.636255895484966
10,47.38606945883056,8.63653887144537
4,47.408552315403966,8.637044519683375
37,47.422954991277166,8.636043254357544
156,47.42476732260113,8.634758551274585
176,47.43825689509388,8.635061659498867
7,47.4400555002508,8.635102085584817
42,47.43912873999245,8.637732889490435
47,47.44092734369737,8.637773406562456
8,47.44724991019607,8.635263817367914
43,47.3473711052654,8.638316609914883
37,47.349169760149756,8.638357076472396
8,47.368069325823974,8.637458401313157
19,47.3689548989787,8.63880238949167
71,47.36985422062275,8.638822638875892
109,47.37165286316227,8.638863139701849
0,47.385156403332914,8.637842819241365
50,47.413021362133726,8.639795416584995
18,47.42830958234588,8.640140321773002
4,47.433719172160394,8.638936727982491
14,47.441812892748246,8.639119240956392
5,47.44271219370331,8.639139523616493
0,47.33205497490721,8.640618445434976
39,47.34734357282214,8.64096305945004
0,47.34553112935545,8.6422456854227
33,47.34912843733876,8.642326883702651
63,47.35002776372422,8.642347184990484
59,47.35094087977361,8.641044173919793
62,47.35273953178133,8.641084735273525
70,47.35182641576104,8.642387789627843
101,47.35365263283839,8.639781636259467
12,47.353625066817685,8.642428397014392
80,47.359048582873164,8.63990320692276
4,47.358121690159486,8.64252992751057
101,47.3698404562413,8.640146422357297
83,47.36981288192834,8.6427939872596
50,47.37073977740582,8.640166694772013
50,47.3707122026321,8.642814304363538
94,47.37703501855483,8.640308620902719
9,47.39410825362154,8.642018405041611
27,47.39499376653095,8.6433631264164
131,47.41030965834735,8.641059361342677
50,47.411181372531296,8.643729286868927
109,47.41208068152132,8.643749635668536
13,47.41387929872171,8.643790335337734
20,47.41477860693155,8.643810686207393
37,47.43097992039354,8.642851816641587
82,47.429167502712176,8.644136394002592
0,47.349986303623204,8.6463170530175
20,47.35181261044383,8.643711124315
46,47.35451058596879,8.643772103416428
0,47.35718090034073,8.646480023995922
8,47.36797276581471,8.646724563246536
15,47.37069839246985,8.644138108127473
29,47.38236186392898,8.64705077021663
10,47.383261180423645,8.647071164023437
12,47.3913550174734,8.647254739383053
5,47.405744010058484,8.647581233862415
79,47.407556479520075,8.646297338963826
55,47.41206686073403,8.645074468100397
28,47.412952333019156,8.646419694091385
25,47.414764785450764,8.645135585782004
11,47.45073688863371,8.645951082766231
32,47.44891058743184,8.64856178082852
89,47.451608478199724,8.648623118051392
0,47.36434775792307,8.649290329030665
81,47.38413276310381,8.649739831733983
73,47.38232024219698,8.651023044865187
75,47.393125906933406,8.649944261922359
44,47.408428073388244,8.648967212138334
5,47.451566802825084,8.652600563357902
7,47.331944269493476,8.651201180710652
17,47.332843598865786,8.651221625137794
70,47.38230633791275,8.652347135029318
132,47.385004283853455,8.652408586791374
0,47.393997420493456,8.65261347111931
0,47.393983497996956,8.653937851261816
4,47.40299053158609,8.652818424895242
0,47.409271767577216,8.654286694327261
47,47.44705639931539,8.653823703610973
0,47.45153894321012,8.655252190081967
134,47.33190250461549,8.655169695046661
37,47.33280183329034,8.655190206411294
81,47.38136521881911,8.656298851760017
54,47.38227848378396,8.654995313274952
26,47.384077113732815,8.655036369843197
63,47.38584782592702,8.657725783504603
0,47.39936542725059,8.655385463037337
36,47.45151102276986,8.657903814014709
29,47.33187458550086,8.657815367802085
0,47.35434372990159,8.659652869655277
44,47.379510639382026,8.661553831770746
66,47.381309268509185,8.661595107694414
75,47.3822365886902,8.658967575425478
108,47.38493453113297,8.65902936252067
89,47.38580583690552,8.661698309740542
117,47.38760446249082,8.661739595454634
8,47.45146902806227,8.661881244666793
7,47.340811827081914,8.66331318878531
83,47.3857777682861,8.664346657068672
6,47.39298630455198,8.66318782228244
51,47.38576371119489,8.665670829681716
92,47.386648950896095,8.667015733530587
83,47.388461647079204,8.665732960527036
112,47.38844757409458,8.66705719951313
35,47.392058891364705,8.665815811479687
65,47.43249942074485,8.669399329546668
5,47.33086297557008,8.668377297158862
60,47.33713003114026,8.671168374942264
0,47.342540095697046,8.669969988637265
8,47.34345352565156,8.668667634007742
0,47.367706924231165,8.671875402960493
90,47.385721448795536,8.669643343307673
18,47.429759136145805,8.673312759636183
34,47.43158600753766,8.670703851034009
40,47.43247117569564,8.672049997032646
38,47.43245703036988,8.673375329715736
159,47.435183199078345,8.670787105705497
12,47.439679682523646,8.670891189934999
75,47.33981386749554,8.67255375621517
57,47.38388042734736,8.673574165267926
65,47.388376981346106,8.673678383889895
39,47.39017560116721,8.673720076282889
35,47.42974497633005,8.674638024426056
13,47.43334216715121,8.674721542196286
4,47.44503300792982,8.674993053242678
18,47.43239591860914,8.394992651691515
5,47.392791669507496,8.39825572571232
81,47.396389081048476,8.398320510348242
125,47.40000845589767,8.3957361239652
67,47.402706509929246,8.395784590541881
128,47.40538259208193,8.398482510369282
117,47.40628194177915,8.39849871339186
217,47.40720326153265,8.395865379123304
83,47.40987933800037,8.39856353097554
0,47.41707411807229,8.39869319251771
63,47.42788823580812,8.396237183057197
43,47.426977910362574,8.397546273385357
58,47.42786625704192,8.398887750798643
4,47.430575283443694,8.39761105195024
28,47.39276964430463,8.400904545378094
40,47.39366899720205,8.400920785450962
56,47.39637807530693,8.399645009934948
38,47.395467702236324,8.400953267247857
141,47.40086381123819,8.401050725850078
69,47.402662512199335,8.401083216455522
46,47.392747558335145,8.403553362842493
52,47.39364691086336,8.403569647652443
8,47.393635844906164,8.404894077925727
4,47.394535196995896,8.404910385656816
87,47.399054072575645,8.402342803050725
105,47.39994237145096,8.403683656776819
84,47.40084172194515,8.403699946002792
84,47.4017410721841,8.403716235780912
115,47.401730004561614,8.405040867404738
11,47.40265147478068,8.402407871559094
47,47.40803651669132,8.403830279690547
4,47.4116449623648,8.402570581436184
44,47.42602343134705,8.40415626861897
5,47.44581997811459,8.40318938245954
22,47.44671931549514,8.403205677472643
18,47.44849585015601,8.405889862084727
17,47.449395186365884,8.405906203588192
0,47.45661200904415,8.403384959123581
0,47.393602555883334,8.408867365426644
67,47.399020871373686,8.406316496550435
70,47.40890261198242,8.407821004187653
106,47.40980195935813,8.407837366082877
0,47.43589402542585,8.406986621149933
58,47.447574313920576,8.408525067014661
43,47.448484757694644,8.407215657716572
50,47.44847365002589,8.408541452793045
95,47.39988688325271,8.41030658561027
5,47.443044218501996,8.412420124923084
165,47.396256009435064,8.414214468940884
126,47.40705936800574,8.413087335645779
50,47.41515348303853,8.413235408496025
73,47.420538370183785,8.41465924662641
45,47.42414691959134,8.413399986893786
10,47.42413574093703,8.414725174254984
7,47.443033051125184,8.413745783294143
4,47.34944465857866,8.418652325115996
0,47.39352434978279,8.418138350137754
63,47.39443491807149,8.41683043447797
0,47.41511990709093,8.417210297183237
40,47.42051596877287,8.417309440527855
0,47.44207765013634,8.420357482617018
8,47.35033278154138,8.419992202233352
5,47.356628308829876,8.420108058627099
4,47.355717692972895,8.42141499025558
41,47.378190346706205,8.423153574278404
29,47.38539644666808,8.421962259464447
49,47.3872064124204,8.420671180491667
81,47.389881925938134,8.42336956542206
0,47.39350186845663,8.42078719788166
23,47.379966456770475,8.425834969856892
44,47.38357517371595,8.424577426574965
32,47.387161272749964,8.425968242991503
53,47.39075867469778,8.4260348931069
42,47.39165802455298,8.426051557047362
107,47.39435607259881,8.426101552257151
0,47.35025368183559,8.429255641942964
5,47.37545836820972,8.4270756660484
49,47.38173115143576,8.429840673211201
92,47.38264185556514,8.428533247303955
35,47.385328557153244,8.429907578097655
96,47.3871499498576,8.427292507206987
4,47.39433340859326,8.428750437979277
28,47.41860436734489,8.430526878455684
7,47.44739452603569,8.429737353455085
95,47.452801872539,8.428511930270433
0,47.34663350259332,8.431835338699024
12,47.35201827378719,8.433259224745692
18,47.35291763318094,8.433275998437324
56,47.35562710207566,8.432002843773974
7,47.35742581904698,8.432036351594093
75,47.379021727762186,8.43111456177775
0,47.3789989486956,8.43376268263861
24,47.379921080129755,8.431131307806053
37,47.38710450638925,8.432589558408282
23,47.38890320597023,8.432623105973816
62,47.39251198689393,8.43136581178532
134,47.39429929864569,8.432723762313117
78,47.394287898279394,8.434048202621542
115,47.397885287560065,8.43411540770102
9,47.41769365082225,8.43183515368681
67,47.419480942866564,8.433193762665598
47,47.41946953716097,8.434518829600886
35,47.422178964170605,8.433244146316362
23,47.4212682179092,8.434552462913647
10,47.43746770706954,8.433529750533332
44,47.4383556328045,8.434872093207538
0,47.44646104961673,8.433697829978959
143,47.452756373547984,8.433815519534896
33,47.33489614484422,8.436909525871526
20,47.33580694177135,8.435603369513776
10,47.3403151754741,8.434364317382029
71,47.35380558535458,8.434616206603136
87,47.3528948044291,8.435922821012543
52,47.35650366076856,8.434666599796756
16,47.35919031067953,8.436040565468915
68,47.35738015772934,8.437330443461608
6,47.36367565406586,8.43744836423514
15,47.38528299368935,8.435204445861448
165,47.397850993016654,8.43808899365145
12,47.399649684982634,8.438122733843825
11,47.40865457847056,8.43696667252477
46,47.41224050006474,8.438358979250475
38,47.42125679662256,8.43587757406041
16,47.42305547594675,8.435911254439377
88,47.438332767764884,8.437523166085901
100,47.44013143672025,8.437556912993957
9,47.44101931489903,8.438899390109079
12,47.44732610191957,8.437691923531593
9,47.340280872058266,8.43833361087779
78,47.35016237140453,8.439842396238992
146,47.39783953111646,8.439413521159073
118,47.397828054023485,8.440738048094172
69,47.41762508209211,8.439785281485467
30,47.418512940842234,8.441127227958537
80,47.44010851009618,8.440208073209327
49,47.438298356173235,8.441499771107779
110,47.439197690207585,8.441516711494609
32,47.441907177223804,8.440241912040749
76,47.44099635748125,8.44155059399275
11,47.44460517592292,8.440292674594147
0,47.44459368884262,8.441618365887896
44,47.44910183509398,8.440377290335388
9,47.33573811303865,8.443541278303863
5,47.342933004008145,8.443676830644613
5,47.34742980302831,8.443761569495928
37,47.351050248026844,8.441182644510642
41,47.35012787953313,8.443812419690701
63,47.353748322766464,8.441233367590286
47,47.352837466896915,8.442539867473698
7,47.35282595385015,8.443863275049559
96,47.35462466884313,8.44389718149151
35,47.35644639531055,8.441284095821608
16,47.357334253509116,8.442624526204746
29,47.39242048318641,8.44196096494908
0,47.39419614844308,8.444643704528318
137,47.399615252552266,8.442096448883586
47,47.40141394234605,8.44213032560761
82,47.411295207520176,8.443641550099077
0,47.41490408308212,8.442384474263326
21,47.414881045613626,8.445034375662331
80,47.41669125260701,8.443743366278744
4,47.43557733655595,8.444099886109269
57,47.437376005176965,8.444133853626639
36,47.43736447402237,8.44545936392806
152,47.43828685523416,8.442825304966517
151,47.438263807743276,8.445476370956596
9,47.45176531591107,8.444405676770987
5,47.33750221683385,8.447544243536084
0,47.35011635188398,8.4451357596947
10,47.3555124971688,8.445237609580143
55,47.3590868177776,8.447952645986863
5,47.35999773323692,8.446646085411396
90,47.3950608371782,8.44863405474548
213,47.39866978543016,8.447377700570186
148,47.39865821698703,8.448702246426175
27,47.40227871595532,8.446121176072655
126,47.4031780596349,8.446138182997665
40,47.40586453434038,8.447513932668254
28,47.4085625609509,8.447565029230788
7,47.41034967311291,8.448923933253583
15,47.412159926159724,8.447633166065641
45,47.41214835481452,8.448958047592008
51,47.41395860721506,8.447667237948592
4,47.35456687397732,8.450514434092156
49,47.35727653165324,8.449242116728778
4,47.36896813559011,8.449463748775258
9,47.36986748801102,8.449480801435879
62,47.36985589538445,8.450804630610726
42,47.372565543785164,8.449531962883169
22,47.39954597747246,8.450043863441728
185,47.401344664949576,8.450078008652598
17,47.414823185984524,8.45165911906318
9,47.41752120310435,8.451710434437372
8,47.426514576591885,8.451881523395539
46,47.3707436393583,8.452145557142213
43,47.36982102639567,8.454776114662396
43,47.3707203777922,8.454793257293993
0,47.37161972894053,8.4548104005062
80,47.39860014687683,8.455324967022964
53,47.41031486906056,8.452898440062098
94,47.41121420945835,8.452915564089672
30,47.41390059658058,8.454291863633214
19,47.439969673153854,8.456114986065035
29,47.339231286052865,8.45551667787574
21,47.3581177849186,8.45587684967011
104,47.3625912053412,8.45860993705798
34,47.370708724231584,8.456117106499347
43,47.372507425890305,8.456151438203214
14,47.394991112130285,8.456580780822824
23,47.39857681248213,8.457974051195393
5,47.40126315000527,8.459350279194952
114,47.408469570900024,8.458163348978333
13,47.413877285945894,8.45694170984207
27,47.41385391452219,8.459591553718965
0,47.43006534416511,8.45725128219031
51,47.430053662535066,8.458576607473574
95,47.439046989550405,8.458748897827462
124,47.45343625756375,8.459024684025344
90,47.45433558454149,8.459041925635837
16,47.45432388242362,8.460367855374878
57,47.455223208936715,8.460385119990192
4,47.34816639914343,8.462304601229102
0,47.3544618868468,8.462425452312488
61,47.35986973677394,8.461205483588317
28,47.364354771882056,8.462615419031644
18,47.36707626848799,8.460019726027717
41,47.400328645464185,8.46330680404715
50,47.41114418988407,8.460864696304743
43,47.4120200670306,8.463531706042717
35,47.42911919287167,8.462535286798666
42,47.43092958716577,8.46124452748946
97,47.432728253368666,8.461279071653633
64,47.436302110189736,8.463999127100081
151,47.43720144144722,8.464016447213881
16,47.346344192257234,8.464916562169243
11,47.360733862373955,8.465193531290055
29,47.36344367682538,8.463921813348458
45,47.364343028585054,8.463939108316852
33,47.36343191854169,8.465245479705251
267,47.395820183167366,8.464544801425175
4,47.40121623577644,8.464648706672826
70,47.42729702606215,8.46515121343833
0,47.43449168825927,8.4652899229912
84,47.43629035117368,8.46532460626203
30,47.43808901303061,8.465359291886447
112,47.44888096186656,8.465567455073723
95,47.34451012556902,8.468851540060227
23,47.35979914624106,8.469146943783942
48,47.36431949644155,8.466586485129497
85,47.40567759109276,8.468709460610558
90,47.40566577798317,8.470034176128332
56,47.406588728539205,8.467402111791564
0,47.41645783060721,8.470243159633728
191,47.42817279966204,8.467819103425636
62,47.428160996812885,8.469144379217479
130,47.428149178762624,8.47046965441895
52,47.429060329653396,8.469161783632986
0,47.43087079798792,8.467871251249363
50,47.43446812540524,8.46794078993713
55,47.441639140728135,8.470731118697593
70,47.444360753985336,8.468132069997663
12,47.44523645385238,8.470800864982932
17,47.44883376271103,8.470870620736784
61,47.45155537272552,8.468271227623593
58,47.332782991863375,8.472594470411526
56,47.34180024153232,8.47012255564551
21,47.3399896984885,8.471410855096824
49,47.34177656744672,8.472768809901126
28,47.35798862375979,8.470435711547024
13,47.35707743844972,8.471741816030953
34,47.35976364601923,8.473117665946875
13,47.38494539054261,8.473606461485458
85,47.38944210999904,8.473693795201086
194,47.393039481012586,8.47376367282806
119,47.393962520173694,8.471132297327719
15,47.39393882313197,8.473781143714877
65,47.40563024748544,8.474008319136995
59,47.407452627299676,8.471393760492935
114,47.4272261645494,8.473102732033334
73,47.429036677955956,8.471812378239202
18,47.4452127646182,8.47345226496398
12,47.3336704924756,8.473934827063784
0,47.334569850675955,8.473952281265596
9,47.33545733504034,8.47529270546105
87,47.339965994841194,8.474057018880018
39,47.340853476574125,8.475397580545263
0,47.382211704094956,8.477526461342153
84,47.384022292455676,8.476237348535506
207,47.3876315530548,8.474983125688608
131,47.388530896495396,8.475000615386495
157,47.39121703939646,8.47637744264907
14,47.39210448033308,8.47771933346896
141,47.41548728346325,8.478175498984402
0,47.42540375742778,8.475718203667041
0,47.438881822914226,8.477306526398875
23,47.44788699422293,8.476156247447427
17,47.44786318214551,8.478807777149347
27,47.33273546950843,8.477886079029396
15,47.334522266034945,8.479244066053612
45,47.33813161297902,8.477991211291144
22,47.37770306426031,8.478762833981287
110,47.392080632174164,8.480368084455804
47,47.44335462218248,8.480045566449032
12,47.446939983752095,8.481441685926885
29,47.332711617285845,8.480531879784634
4,47.337208402119295,8.480619711702069
28,47.340781909150444,8.483336188067096
31,47.345278681158426,8.483424269987555
74,47.37315853140318,8.483970710791334
30,47.3785785373156,8.481428463206491
68,47.376755914142194,8.484041261075747
222,47.384861986309836,8.482875839671413
190,47.385761329311485,8.482893461754843
183,47.38756001455822,8.482928707713011
23,47.386648696014745,8.484235323658506
71,47.38844738035621,8.484270615535607
50,47.39746472856764,8.481798094973424
4,47.398352104763,8.483140233633293
114,47.40555877623132,8.481956589135077
31,47.4073454852117,8.483316570964545
74,47.41005546039476,8.482044662343887
4,47.44150810601713,8.485312803116683
16,47.44512937331086,8.482732146168647
39,47.4469280246901,8.482767426275498
0,47.4514126731896,8.484181488842117
37,47.33894721126686,8.487270121262554
89,47.34076992812903,8.484659287238728
63,47.37132382949691,8.487907013204715
53,47.372223175451765,8.48792471573199
120,47.37404588903209,8.485312273104402
73,47.37851859015656,8.488048650213651
47,47.38034130305009,8.485435903033325
95,47.38213999051568,8.485471231255222
89,47.38303933387171,8.485488896263856
146,47.386624698354204,8.486883800310387
48,47.38842338189335,8.486919181636555
152,47.389322723283826,8.486936873198825
271,47.39022206442132,8.486954565360598
47,47.40190145105287,8.488509235715881
153,47.40462349847219,8.485913036101893
96,47.40370012553877,8.488544682183083
106,47.41001951663367,8.486019124983017
21,47.40909614283227,8.488651036005491
0,47.43968543089261,8.487928558514335
53,47.338035830312734,8.488575471309625
24,47.338923143793416,8.489916226132635
85,47.37669581712173,8.490661218556978
284,47.37849450498377,8.490696720822902
98,47.38029319184428,8.490732225494256
192,47.38928661106218,8.49090978494228
149,47.3928839716769,8.490980825569288
190,47.39469470426797,8.489691911984828
225,47.39558198947262,8.491034112359548
37,47.40009073571999,8.489798363985336
27,47.401889410827714,8.489833852796641
42,47.40547470174277,8.49122954362004
78,47.407285429996946,8.489940333667871
93,47.40727337336855,8.491265084406416
5,47.427958022606354,8.491673976732308
20,47.33351495727322,8.491132802699918
115,47.37397363955159,8.493255814345215
111,47.376671672008044,8.493309197345745
64,47.378470359062995,8.49334478902672
34,47.38567717941862,8.4921629672072
101,47.38565299989081,8.494811391926243
111,47.401853198990594,8.49380770042683
112,47.40456329432633,8.492536457133589
51,47.40816063677002,8.492607628218536
95,47.407249214526395,8.49391458407531
69,47.40814854954926,8.4939324001305
35,47.42253787472033,8.494217539185334
24,47.36315728755642,8.495689642536174
98,47.36403237360231,8.498354821949235
92,47.36494385818282,8.49704900226844
58,47.36764189627393,8.49710256828966
32,47.37394943490576,8.495903656611977
248,47.375748122650634,8.495939334081928
279,47.374836653598905,8.49724543762326
121,47.3766474661486,8.495957173723308
183,47.381132053161615,8.497370480052204
177,47.38561661668179,8.49878402447359
42,47.392823476794995,8.497602780397482
70,47.39911884100606,8.497727907593305
5,47.42340084216029,8.498210819303011
204,47.424300171902864,8.498228713414274
22,47.353215881759326,8.500787161173653
30,47.361310012714995,8.500948407920532
168,47.36220935937067,8.500966327258995
131,47.370315637999376,8.49980379960024
169,47.371214982383854,8.49982170266024
121,47.369404123725005,8.501109703813778
167,47.37029128312518,8.502451457021733
126,47.37211432651971,8.499839606326615
59,47.373013670406664,8.499857510599403
262,47.372102156268134,8.50116348003738
191,47.37208997083148,8.502487353140982
112,47.37298931431138,8.502505302112475
112,47.373900843386146,8.501199333888904
57,47.38020841251597,8.500000766616736
161,47.379296898749146,8.501306910018316
134,47.37928471168309,8.50263096193779
65,47.382007095539,8.500036586687651
9,47.39279917250521,8.500251558094114
112,47.39728368452056,8.501665655096303
99,47.40088102948797,8.501737433294378
61,47.41887987345091,8.500771433438864
223,47.424275853382994,8.500879057692432
139,47.42335214513575,8.503511415855087
0,47.43954002561881,8.50383521548059
87,47.36218497779432,8.503613581273166
79,47.36487080088567,8.504991170100006
91,47.36936752369472,8.505081120169958
161,47.37297711348574,8.503829196957446
177,47.37206555440289,8.505135097523638
91,47.377473826124515,8.503919062692873
65,47.37927250942993,8.503955013249056
311,47.381058973884016,8.505315061654798
13,47.385567893091356,8.504080859379949
22,47.395460613846446,8.504278677902343
17,47.39544839272938,8.505603131116317
43,47.3999572949307,8.504368619793768
51,47.416133067878114,8.506017504750826
146,47.42244060389554,8.504818558006667
42,47.42422703394509,8.506179738941164
4,47.436829836155894,8.505106718726385
15,47.43681760563227,8.506432201697667
152,47.35853864925554,8.508835872145601
150,47.359450253918126,8.507530366443694
80,47.36484632698886,8.507638554512011
167,47.37115398029462,8.506440953392097
69,47.37204107723402,8.507782839468538
82,47.38104674084774,8.506639156458702
241,47.3792358115479,8.507927163526029
235,47.3909149548717,8.50948611310903
52,47.39453681984786,8.506909552434223
35,47.39543615642062,8.506927583719927
20,47.39362523192993,8.508215929016592
61,47.395423904920214,8.508252035712417
64,47.3981219124951,8.508306200345306
90,47.39631097413632,8.509594563727585
231,47.39992058293543,8.508342313160423
93,47.412511247273045,8.508595171432175
129,47.41612082686211,8.50734247203152
57,47.42508958741088,8.510173339717305
160,47.357614741129716,8.511464844522406
243,47.364809502271136,8.511609626548106
228,47.36659588440599,8.512969562323777
87,47.36749522773802,8.512987686405333
255,47.37110490529676,8.511736342999221
246,47.372004247592976,8.511754447801847
0,47.375613906840016,8.510502914911822
66,47.37560161428623,8.511826873144933
230,47.3827963356668,8.511971753274931
155,47.39448772351731,8.512207267257589
54,47.39898439972771,8.51229787718947
71,47.411587359815584,8.511226813805257
50,47.414285352281404,8.51128114579908
101,47.414260734295524,8.513930985300613
57,47.422367012405665,8.512769296495929
4,47.45203236375047,8.514694095638076
10,47.33239601504282,8.514927071080555
0,47.333283023616396,8.516268122581065
125,47.358489464287075,8.514130005665553
76,47.36028815473503,8.514166288073012
52,47.36117516477668,8.51550802905967
190,47.364784876544476,8.514257004842065
78,47.366583563539415,8.514293295850589
81,47.36748290666558,8.51431144227662
163,47.36838224954385,8.51432958931721
173,47.37018093455593,8.514365885242206
292,47.371067939608515,8.515707878768739
306,47.37556464550896,8.515798744161037
338,47.37647632425831,8.514492940343516
122,47.3800613451631,8.515889624944256
0,47.38996640369148,8.514765302751636
9,47.3917650766581,8.514801628199423
142,47.395350076893784,8.516198734791415
77,47.394438384125216,8.517504972255116
103,47.39624941177265,8.516216923269697
79,47.397148746396574,8.516235112364441
4,47.40523038638916,8.51772353575385
107,47.41155041189537,8.515201370686059
102,47.41604706161886,8.51529226283844
0,47.44932206589946,8.515965344075473
52,47.33237131307783,8.517572838005613
37,47.33325829089088,8.518913932907278
108,47.35933938094108,8.519442359605193
324,47.36924453661605,8.518319134969111
260,47.369232154395014,8.519642933068559
329,47.375539923727494,8.518446655094852
89,47.378225558741114,8.51982533743338
200,47.38003662131559,8.518537759412748
123,47.37912489780144,8.519843581268356
14,47.41329959426766,8.520537305301533
95,47.42500324756386,8.519449652160448
119,47.424091526509756,8.520756561780487
0,47.43399649509564,8.519632216303966
109,47.34042829796516,8.52170581895423
28,47.34312634417608,8.521760608470197
14,47.3440256924295,8.521778872878395
231,47.363823703691295,8.52085718351775
45,47.362899523151754,8.523486208141659
233,47.36921975698984,8.520966730550349
231,47.371018439438394,8.521003251174806
338,47.37731382016022,8.521131092844557
245,47.37821315926386,8.521149358414895
155,47.38540786305472,8.521295505256417
73,47.388105872819274,8.521350320535486
90,47.389005208901864,8.521368593533465
53,47.397086803201844,8.522857568341655
62,47.41237543497948,8.52316877927789
153,47.41417409264276,8.52320540412286
18,47.424054250743,8.524732045944148
4,47.440242067076305,8.525062307599741
28,47.4519456611908,8.523975100089482
70,47.452832531422,8.52531931726801
24,47.45463116489785,8.525356042905166
120,47.3377053933898,8.524297063568357
112,47.340378522384434,8.52699814146121
93,47.343076566101175,8.527053198853222
115,47.346686422451754,8.52580338143722
18,47.3565916775359,8.524681605842725
40,47.365560178485275,8.527512227948376
52,47.36735886083958,8.527548967063918
395,47.37008181439503,8.524956446324698
36,47.374553580321944,8.527695948413946
158,47.3763522577,8.527732699974862
351,47.37725159601394,8.52775107668903
204,47.37907520794181,8.52513975089507
243,47.379062747509614,8.526463791750938
158,47.380848946763976,8.527824589771289
183,47.39433897615986,8.528100352578612
108,47.411438747544196,8.52712500796571
62,47.412325592800336,8.528468254466093
97,47.415023576405346,8.528523461267849
52,47.41682223084426,8.528560268922508
0,47.43570803930978,8.528946900075775
68,47.44381441225931,8.52778703176896
50,47.445625526123685,8.52649813742705
101,47.4492103230551,8.527897447703792
71,47.45192075216303,8.526626810056024
46,47.45009714846992,8.52924166113847
102,47.452795098820175,8.529296946658828
114,47.33315875302944,8.529497149502735
93,47.3340581026838,8.529515541010527
152,47.34125289126827,8.529662695478661
69,47.34216473618524,8.528357969489218
144,47.34215223875673,8.529681092588447
143,47.34576212455415,8.528431474855898
138,47.34485027977057,8.529736287653696
124,47.345749626290655,8.529754687254194
83,47.347560817283714,8.528468231271178
93,47.34754831860263,8.529791488323538
82,47.352956889631294,8.52857851544822
43,47.353843734025716,8.52992031168764
59,47.35565492250864,8.528633665937338
90,47.35745360986858,8.528670436042079
8,47.35654176554199,8.529975531046519
106,47.36734637274714,8.52887271613344
90,47.37362924696613,8.53032538394254
145,47.37542792400835,8.530362223660575
188,47.37723910562555,8.529075071593386
191,47.38532062982331,8.530564886730918
101,47.387119300335826,8.530601742677185
172,47.39521330510325,8.530767625349092
18,47.406005279329285,8.530988880969476
5,47.437481657693056,8.531634724316193
64,47.44738668901223,8.530512121975221
139,47.45277006771367,8.53194869645946
21,47.45546801438686,8.53200412211587
137,47.33403306606108,8.5321613835839
26,47.34122785130018,8.532308895162842
50,47.34213972615177,8.53100421506505
58,47.34303907318944,8.531022635121056
154,47.34483776653861,8.531059477103355
109,47.35113318561255,8.531188443683181
24,47.361025962831654,8.531391167206698
91,47.35920219957569,8.534001394403756
66,47.362824646404114,8.531428034141564
40,47.36372398782017,8.5314464685453
97,47.3628121138082,8.532751669627881
90,47.365522669910895,8.531483339225552
113,47.36461079597444,8.532788583742247
27,47.36732135101163,8.531520212403091
50,47.367296268542006,8.53416770617516
16,47.36999428707539,8.534223154697312
97,47.38349689866102,8.53317633294619
15,47.388006111940186,8.531944433531047
178,47.388905446354975,8.531962885427461
126,47.39249024196923,8.533361072403293
71,47.40509342230257,8.532295126518473
207,47.4059802092122,8.53363829900684
98,47.4068795383104,8.533656785792765
107,47.41137617993202,8.533749229124362
4,47.43836844305359,8.532978703646332
72,47.4482609472342,8.533182094794027
24,47.44734907769512,8.534489340399437
123,47.45004702794296,8.534544889247323
0,47.45363172219287,8.535944858297398
45,47.336693441702884,8.536185655783058
43,47.338492136755484,8.536222667593623
0,47.36815787009013,8.53815749138568
0,47.3717552241209,8.538231694662661
16,47.382572442968176,8.535806114888784
176,47.3870565331276,8.537222934331057
52,47.38614460024863,8.538528608331426
308,47.389741934211074,8.53860286190051
241,47.39064126706852,8.538621426865413
98,47.39336444989344,8.53602833891912
117,47.394251196652775,8.5373712776564
141,47.39965977037533,8.536158011342831
167,47.40054651387479,8.53750111106245
82,47.401445843883714,8.537519661206675
408,47.415835089010706,8.537816549056828
66,47.42123103882886,8.537927923532443
116,47.42394160266517,8.53665846475819
65,47.426626979243096,8.538039320674063
62,47.43022426760472,8.538113598031273
109,47.44822324404927,8.537159376686773
6,47.33217151234447,8.5387388842763
38,47.333970208957226,8.53877597908745
77,47.333944959897174,8.541421812901058
27,47.33576890461066,8.538813076408935
108,47.37354128860699,8.539592700564164
0,47.374427999351035,8.540935198774507
16,47.37441535773367,8.542259120358144
84,47.383433983768995,8.539797071141562
46,47.3852326523497,8.539834237611627
201,47.387930653327174,8.53988999203929
39,47.388817356671304,8.541232858021514
77,47.3924146859049,8.541307298050139
146,47.39240204006054,8.542631666788193
76,47.39959668462135,8.542780756068721
153,47.40049601404203,8.54279939507135
138,47.40139534320649,8.542818034705782
162,47.4085899672736,8.542967174530546
156,47.41491053685035,8.54044784821719
0,47.413998575408044,8.541754150224193
219,47.41488524978289,8.543097705063579
56,47.415797226162375,8.54179140431984
50,47.417595875877026,8.541828660942162
52,47.4203064856993,8.540559487555383
5,47.420293848495795,8.541884550613803
13,47.421180519566775,8.543228266583757
92,47.422979165728506,8.543265575568515
66,47.4284003913395,8.540726989163923
26,47.428387752233206,8.5420522537527
250,47.42927441903992,8.543396176947837
191,47.43018639462079,8.542089528069964
70,47.3680946693974,8.54477631713757
13,47.36900667793937,8.543471192505988
148,47.37530203722323,8.54360168498857
44,47.37978604167132,8.545018967285436
129,47.382496718543194,8.543750857147096
163,47.38158471057433,8.5450563075625
148,47.387892718965205,8.543862762801673
60,47.395986702499854,8.544030663949185
173,47.402282008750824,8.544161289142343
43,47.405866641562554,8.545560649064976
192,47.411262600886054,8.54567278764939
252,47.415771908277705,8.544441304671434
15,47.42115516874371,8.545878434316554
161,47.422966497492496,8.5445907045322
132,47.42565178006441,8.545971935438066
30,47.42745042275766,8.546009340326865
127,47.42926174932027,8.54472146266747
248,47.43016106995874,8.544740144935743
21,47.43195971044511,8.544777511373649
0,47.33210827800124,8.545353240936816
88,47.36357259211457,8.547330321055615
10,47.36715722934201,8.548728877006829
27,47.36896862023484,8.547442549312834
20,47.36985524090475,8.548785062921565
0,47.370754577595214,8.548803792828442
0,47.372553250229124,8.54884125454536
186,47.38786735344437,8.546511273484288
76,47.38784192716662,8.549159781632651
99,47.389666017381245,8.546548669873825
187,47.40134459944026,8.548116398095441
156,47.40405529221742,8.546847932258379
107,47.403143255302716,8.548153858248197
226,47.40855192714973,8.546941485043263
285,47.40853921671828,8.54826625394636
192,47.411249905012724,8.546997624326812
62,47.419343824600425,8.547166076445507
33,47.422016350669004,8.549872447282821
114,47.4238277234288,8.548584832626261
149,47.422915672557046,8.549891214044523
250,47.42562636632126,8.548622324547562
13,47.357239028668545,8.551169896731164
34,47.35813836839519,8.551188662432466
212,47.36263506333624,8.55128250047031
135,47.363534401584495,8.551301269984405
169,47.36172296472615,8.552587335284484
8,47.36624516084318,8.55003386630622
50,47.3689304258755,8.55141390041775
148,47.36981700035485,8.552756479158491
17,47.37342710595305,8.551507776596813
49,47.37881034963967,8.552944477275375
122,47.382420447360424,8.551695576659613
148,47.38150834954199,8.553000889129857
128,47.38513119535477,8.550427743680224
93,47.38420634717995,8.553057306718157
56,47.386917108635124,8.55178950055259
42,47.39321242379118,8.551921020739108
0,47.395011082977575,8.55195860366603
228,47.40311779140991,8.550803125630546
131,47.4067150983473,8.550878232561367
148,47.40580301662249,8.552184154736512
52,47.40760166863467,8.552221755502517
75,47.408513750270366,8.550915789846295
104,47.40940031961484,8.552259358818148
17,47.416607671117575,8.55108482914864
10,47.41750699435813,8.551103614477942
150,47.422890168894675,8.552541464984609
6,47.3536161357358,8.553741644982948
19,47.36440820289393,8.553967380925505
109,47.36618127902298,8.556652440112504
92,47.36890488705015,8.554061464643205
54,47.37070355897458,8.554099102591332
96,47.3697786231484,8.55672788966592
56,47.38416795970918,8.557029790124082
43,47.38687876480581,8.555762187105932
4,47.386865953151634,8.5570864146804
83,47.40395319184329,8.557445170585146
148,47.408462635034404,8.556214853999856
142,47.40844981823799,8.557539618440842
159,47.41295925604502,8.556309205965327
0,47.41565722554114,8.556365824823176
85,47.42016664055046,8.5551351463208
72,47.42736120567402,8.555286004583717
51,47.430046356522496,8.556667889372058
0,47.43365643636098,8.555418039149519
261,47.353564890437916,8.559035246744465
91,47.35897375868949,8.557825105791524
151,47.35986026126101,8.559167540277215
83,47.36257110987555,8.557900624261343
116,47.36435694732047,8.55926205485653
142,47.36705495598865,8.559318771285865
68,47.37245096662037,8.55943222143313
8,47.37424963483788,8.559470043272526
25,47.37604830205595,8.55950786767424
82,47.3778469682728,8.559545694638564
54,47.378746301005215,8.5595646090818
60,47.38235647038147,8.558316158760112
140,47.40752481472647,8.560170209792473
431,47.41382007963278,8.560302772532713
75,47.421926823364984,8.55914815766156
221,47.42191397295509,8.560473256583126
43,47.42732274177609,8.559261708255713
55,47.43090716290222,8.560662744349688
4,47.43360511475292,8.560719603215063
0,47.34814313760588,8.561568406323579
82,47.353552041164846,8.560358645587423
39,47.351740497987095,8.561644162069914
31,47.35442563586089,8.563024405505503
95,47.36074674797583,8.560510019437995
14,47.35892232608287,8.56311923590852
120,47.361646085219995,8.560528944052427
138,47.362532555615324,8.561871490869933
75,47.36343189215073,8.561890439106168
129,47.36251967383135,8.563195111790586
47,47.36434409547088,8.560585721740752
156,47.36521768204979,8.563252025446829
127,47.367029235817725,8.561966238467928
58,47.36792857111471,8.561985189912763
47,47.371513025880425,8.563384846466485
43,47.376934780432805,8.560850760572752
71,47.37782124294314,8.562193698175035
69,47.37780835749897,8.563517698980283
79,47.38231790194324,8.562288500344577
36,47.3841294355457,8.561002267774734
79,47.406612628183545,8.561475992588225
79,47.40751195256036,8.561494949931705
89,47.40659975103816,8.562800709707489
73,47.409297722748235,8.562857650800133
85,47.411083475845025,8.564220443115723
103,47.41290789339485,8.561608707490919
315,47.414706538267126,8.561646631820446
241,47.42188822653901,8.56312345249783
156,47.42818345924633,8.563256400679633
189,47.42998209479796,8.563294391672887
159,47.43268004614808,8.563351382995943
7,47.342695490474796,8.566747306600265
0,47.34721802547203,8.56419595085714
4,47.346305776689285,8.565500187155195
33,47.346292853246524,8.566823404155977
23,47.34899087277387,8.56688048408421
11,47.35258822873046,8.566956599672372
84,47.36159452858176,8.565823337091492
37,47.36699054168726,8.56593743442567
35,47.36788987633766,8.565956452902038
62,47.372399460381374,8.564727689529102
64,47.3723865458599,8.566051554946153
115,47.376896124746324,8.56482269593112
68,47.37868187270744,8.566184724869078
37,47.38139278284735,8.564917718426106
98,47.40657395116426,8.565450142014942
91,47.406561028435775,8.566774857201615
111,47.40837259836624,8.565488191610166
113,47.41107056723153,8.565545270840813
95,47.410158320942095,8.566851048485283
209,47.41105764342242,8.566870097920761
90,47.41104470441767,8.568194924354804
181,47.41464199088151,8.568271218084215
78,47.4155413118484,8.568290293133495
28,47.430842672083685,8.567289348980486
161,47.43265423375565,8.566002113796847
27,47.43354062069719,8.567346543822858
59,47.43442699173934,8.568691018647895
144,47.435352181432066,8.566059245320409
150,47.4362385669305,8.567403744486786
22,47.33456255713712,8.570544901374975
37,47.335461899716684,8.570563985954609
33,47.336361242055865,8.570583071180023
30,47.33908518693686,8.567994257118782
22,47.34088387031153,8.56803234410004
46,47.34355597208679,8.570735776235775
45,47.34448123415809,8.568108525796745
59,47.344455312252066,8.570754867274863
31,47.347166300482385,8.569488906876286
12,47.34625399185443,8.570793051291533
116,47.36336733033301,8.568508648978339
119,47.361555701695856,8.569794125113111
65,47.362455037182976,8.569813206743243
60,47.3615427290373,8.57111771982911
62,47.36516600050419,8.568546770787384
58,47.36424073410704,8.571175033677601
27,47.36605237665876,8.569889539725594
24,47.37143540338652,8.571327899076662
9,47.37233473592709,8.571347010163905
37,47.37864303349114,8.570156786612886
31,47.38044169475055,8.570194975086382
0,47.37863005671286,8.571480805901519
17,47.37952938725128,8.571499922168336
5,47.381341025003245,8.570214070293462
109,47.40383716660685,8.569367014701047
116,47.40472352258302,8.570710772861371
60,47.407421491948476,8.570768112867768
52,47.408320814554386,8.570787227499233
59,47.42540789473654,8.571150528671996
101,47.43350174184007,8.571322700431532
108,47.43531334688124,8.570035538273402
107,47.440683262856524,8.572801349593135
53,47.44607913495917,8.572916325591624
44,47.44697844604101,8.572935490534245
51,47.332750890358035,8.571829613770442
27,47.339033287619166,8.573286401760095
17,47.33993262856044,8.573305534209329
24,47.34174430796163,8.572020698896477
79,47.34534166823963,8.572097151055031
63,47.3480266861352,8.573477755393299
6,47.34893902463158,8.572173613564695
36,47.34892602465093,8.573496894318966
19,47.34982536292293,8.57351603389249
21,47.35883173455698,8.572383938858822
79,47.36063040589702,8.572422188237532
25,47.36331540760065,8.573803205262916
96,47.36422774561584,8.572498694766244
17,47.401999570867325,8.573302639489048
8,47.40288588156024,8.574646416780235
13,47.40738249519627,8.574742315849425
19,47.41369075907545,8.573551711522432
180,47.42357025065888,8.575087687144674
42,47.42807985350325,8.573858412481263
0,47.43077780123511,8.573915937443093
41,47.43076478146194,8.575241253187077
119,47.43347574659236,8.573973468259647
39,47.4388586084253,8.575414064808994
86,47.439770943157995,8.574107729605707
53,47.44336819249009,8.57418446469392
9,47.44426750415637,8.574203650093514
10,47.33269881502595,8.57712112576892
57,47.33632225123269,8.57455197588467
37,47.335409882472305,8.575855768330534
0,47.339007246908984,8.575932470199144
74,47.34439024189389,8.577370709649264
95,47.3462019641832,8.57608590508823
72,47.34889997915566,8.576143453883201
63,47.35338361929355,8.577562771986972
4,47.362390020988315,8.576431285542226
53,47.36147763802126,8.577735683690983
0,47.378564945025566,8.578100892615849
12,47.383987010803274,8.575567969590452
10,47.38668499517093,8.575625533221748
39,47.42622905443054,8.579120876922605
79,47.42805380006356,8.576508908942737
65,47.4280407505432,8.577834156195957
5,47.429826316161666,8.579197931284167
175,47.44334213163827,8.57683572279572
35,47.449624249868535,8.57829613295561
216,47.45052355900535,8.578315390153636
13,47.33267268631948,8.579766877874546
59,47.340779825397206,8.578616980151828
31,47.33895498338649,8.581224599283825
41,47.34527652090965,8.57871310181038
6,47.3515588078927,8.580171043958265
4,47.355169229621815,8.578924626729352
75,47.35786723594901,8.57898232901538
55,47.35695482291561,8.580286572757958
110,47.35965282711188,8.580344345958872
53,47.360539067459385,8.581687172178462
30,47.40370680629124,8.582613446662997
23,47.4153979679034,8.582864572081675
92,47.41810902995896,8.581597541478857
40,47.42440424869677,8.581732665757707
51,47.42439113925247,8.583057820823603
32,47.42620288026405,8.581771278587288
0,47.4424036154846,8.580793308267616
168,47.445101547206356,8.580851200585974
0,47.448672570226655,8.583579919994484
104,47.44959809472479,8.58094770088238
131,47.450497403423775,8.580967002906874
6,47.33174715558,8.58239334390785
95,47.348821478398904,8.584083116967024
30,47.35062015120585,8.58412175402066
93,47.36052595838618,8.583010738707422
57,47.399183941878015,8.58516594426902
132,47.40099572078963,8.583880082848422
109,47.40188190866565,8.58522401087318
129,47.40637851483845,8.585320801670074
80,47.41447238968014,8.585495066456499
41,47.41988143329774,8.584286230722924
158,47.45404213837285,8.586347793835648
15,47.34700966847336,8.585367712771397
5,47.347882687008564,8.588033555163598
24,47.35870102772401,8.585619173685293
0,47.39286236720573,8.587679217556117
9,47.399157628920236,8.587814996484394
36,47.39914444965321,8.589139521606146
113,47.40455355754371,8.587931404066529
105,47.41354675129066,8.588125469329146
61,47.41263425050771,8.589430920599614
48,47.418955824005224,8.586916921970882
67,47.44590884140208,8.590150338890089
158,47.448633132884886,8.587557195790259
66,47.44682134059103,8.588844083364384
27,47.45043174835373,8.587596023311338
94,47.45041857171992,8.58892182541838
79,47.45130468676955,8.590267086442118
31,47.45223036274749,8.587634853468268
5,47.35416485121464,8.589492667549475
50,47.35595032026857,8.59085494203367
81,47.35956085259974,8.589609146134494
131,47.36046018530242,8.589628561532587
11,47.3640575136438,8.589706229699479
0,47.38203089018661,8.591418827310376
0,47.392835996566305,8.59032795399805
6,47.39280956516576,8.592976687804818
86,47.405400063678776,8.593249530600422
0,47.40811124814802,8.591983266879826
49,47.409896658077656,8.593347005840528
246,47.410795976181674,8.593366502871497
82,47.41350715732055,8.59210011677042
18,47.41439324600464,8.593444497606486
51,47.418016955447676,8.590872516099676
39,47.42071490328383,8.59093089270787
86,47.445882414313274,8.592801715688815
87,47.44586917796099,8.594127403095834
36,47.44678172210271,8.592821216782891
71,47.4503789505791,8.592899227778117
134,47.451278257026765,8.592918732181843
76,47.45306363099005,8.594283609682098
83,47.34421928329414,8.594571823545284
105,47.3442060263967,8.595894981555578
57,47.35050137159579,8.596031606367648
43,47.35679670482256,8.596168263557548
73,47.36311853391807,8.593657698530297
30,47.364017864970016,8.59367718357835
32,47.364004618381166,8.595000833552644
29,47.38017926501153,8.596676131096466
56,47.38468915869081,8.59544968587759
4,47.389185780291314,8.595547308757038
21,47.395494294206124,8.594359576230032
153,47.39999090163936,8.594457126973946
81,47.41258136825542,8.594730357034427
55,47.414380002204744,8.594769400488284
54,47.41436674320859,8.596094302708092
25,47.42066195227752,8.596231132348963
5,47.42425920885355,8.596309335300631
111,47.34239408252076,8.597179064544145
86,47.34329341854304,8.597198601394146
77,47.344192754322734,8.597218138905365
16,47.34957547531215,8.598658668504093
69,47.35766947117832,8.598834772573516
81,47.35856880282471,8.598854343004785
82,47.364877409796826,8.59766768424859
25,47.3837499881048,8.59940258424843
130,47.38464931251787,8.59942217391158
171,47.39815244884215,8.598391601065204
105,47.417937441739966,8.598822468621297
82,47.422434013508955,8.598920437899169
72,47.4224207069208,8.600245539602907
37,47.42332002026686,8.600265157841998
6,47.3324614717123,8.600932800475666
73,47.35314618478161,8.60138368829161
24,47.35673017713063,8.602785606704746
125,47.36035415895059,8.600217043827989
72,47.36213949801847,8.6015798359901
0,47.36392482002499,8.602942719499504
33,47.38103870180812,8.60066789116833
0,47.391830584491146,8.600903255351273
301,47.403521749361325,8.601158341250251
96,47.40439438769791,8.603827272705027
70,47.41158892346918,8.60398466788344
50,47.41338755482262,8.60402402334907
44,47.41611218594756,8.601433174888399
34,47.41970944419327,8.601511722751196
16,47.33242143653727,8.604901392160363
5,47.34502550073077,8.603853565512201
63,47.34862283599643,8.603932171330941
49,47.34860947174769,8.60525543632824
13,47.37738800503037,8.605885381114026
78,47.39718647431539,8.604994392640762
109,47.3962603869784,8.607623602341599
114,47.398958344755584,8.607682803844261
52,47.399857663502324,8.60770253901625
0,47.40168307028593,8.605092844801835
158,47.408864231241914,8.606575165587813
159,47.40977692682589,8.60527010074828
31,47.41247487435279,8.605329198083865
8,47.44572257454345,8.608709920675901
0,47.446635283491176,8.60740398819867
67,47.39443491994008,8.610232944007281
40,47.40074357439778,8.609046834765305
37,47.412421262704356,8.610628602601375
7,47.42142782320245,8.609501458560006
23,47.42232713524526,8.60952123285624
105,47.42409888609465,8.612211065067985
28,47.332340956514074,8.61283855754656
16,47.386300683563654,8.614027585302262
182,47.397105988553484,8.612941213207314
46,47.400703260459544,8.613020510468123
173,47.40068979209552,8.614345067692692
12,47.40608569089515,8.614464167983964
20,47.4141929934,8.613317970979644
15,47.4222733313502,8.614821614262672
65,47.33679718587016,8.61690645936511
59,47.38897166993849,8.616735631056688
32,47.38805883892665,8.618039989472843
79,47.397065540589985,8.616914614430623
0,47.39705202755296,8.618239080157792
72,47.39795134501161,8.618258992937571
45,47.399749979160205,8.618298820521984
11,47.40424656003745,8.618398401296453
188,47.40517289038881,8.615768984668337
24,47.42046122028442,8.616106936126888
61,47.43032660120945,8.618976302822134
0,47.44561479828931,8.619315337073388
61,47.448312707416406,8.61937518695219
43,47.335870810608164,8.619532483321247
23,47.337683006672556,8.618249317449818
15,47.33766947818235,8.619572307213218
15,47.338568811607445,8.619592220169917
0,47.34667633228511,8.618448254130886
92,47.36464937494331,8.62016998920419
103,47.36373649838652,8.621473693308282
21,47.365535150343824,8.621513603693222
39,47.38984395226991,8.619404088347919
17,47.39161549125166,8.622092608203722
34,47.394340546092685,8.619503743820426
36,47.39523986409224,8.61952367694138
63,47.39521276296845,8.622172515550895
35,47.401521538371284,8.62098780393051
44,47.403320169559834,8.621027726404032
27,47.402407294123186,8.622332362748168
106,47.40511879971849,8.621067651584307
37,47.405105239067154,8.622392316623277
47,47.41592410711852,8.619982325261915
80,47.41860849289944,8.621367176745842
75,47.42039354972436,8.622732170459352
37,47.423118594257474,8.620141938971678
68,47.425816522612,8.62020180527887
80,47.42671583153781,8.620221762068372
121,47.42851444859953,8.620261677678274
4,47.43659465890945,8.621766780725777
15,47.44918491199457,8.622046664891457
76,47.35921272042794,8.624020977003864
33,47.36282360685328,8.62277735273331
8,47.36372293297701,8.622797329251316
4,47.36730665349282,8.624200966718988
192,47.40058149826212,8.624941501205486
35,47.402393718959445,8.623656959989985
41,47.40687669994875,8.62508170680585
126,47.4401647252099,8.624497809817811
42,47.444647641526124,8.625923639697008
16,47.333104943040105,8.626087133338975
34,47.33129265738184,8.62736992255909
0,47.33219199113131,8.627389964675642
20,47.33401787999006,8.624784257374932
5,47.35470248880106,8.625244417648464
80,47.35467525626026,8.627891238080517
142,47.356501144335276,8.625284448518217
26,47.35738686237055,8.626627942523688
39,47.35919912579074,8.625344499905477
19,47.359171890974885,8.627991543674577
0,47.36369575661269,8.625444599107214
11,47.367265817899046,8.628172136543151
22,47.369091705418874,8.625564740523252
51,47.36816514187222,8.62819220581519
0,47.377185611796406,8.625744998429957
15,47.39066179269591,8.627369854866117
26,47.39337336336763,8.626105679166193
36,47.39334611124863,8.62875442153296
117,47.39605769481453,8.62749025263348
142,47.406863093261954,8.626406414560018
15,47.40863445967076,8.62909602714143
0,47.41852688061743,8.62931717099945
41,47.42122480812807,8.629377497278627
34,47.423050692322704,8.626767498968325
138,47.42574861726928,8.62682770113541
49,47.439224576285575,8.628454316980783
129,47.44100953745143,8.629820077619732
52,47.44373472279265,8.627229205530641
106,47.39513109502135,8.630119015104956
64,47.4068221820381,8.630380533740214
7,47.41311736468019,8.630521399212103
88,47.42570769167231,8.630803230486888
118,47.43828429163653,8.632410684268915
152,47.44009657363526,8.631125487295567
78,47.440982200347506,8.632471190007024
105,47.44188150271783,8.632491359955187
72,47.443680106657055,8.632531701904936
97,47.44547870952641,8.632572046592854
7,47.454485387349564,8.631447919111622
9,47.33212367267882,8.63400421357898
0,47.350995887627604,8.635750914879349
12,47.35462060902867,8.633184870789325
29,47.35370758273416,8.63448810652526
69,47.360016564468395,8.633305775555078
64,47.36091588951188,8.633325928737415
28,47.38337150533129,8.636478222440305
30,47.390593475949025,8.633991366820528
9,47.390579767031745,8.6353156671633
26,47.39327771512476,8.635376265522574
58,47.41757285970712,8.634596956604208
4,47.42117009325,8.634677748458873
48,47.43914247650051,8.636407381187984
74,47.4400280419782,8.637753147682734
30,47.44184038234733,8.636468090615379
50,47.4445520084734,8.635203162803686
5,47.45174640769655,8.635364922033252
8,47.352780811818164,8.637114658045272
20,47.3509684140567,8.638397545769557
38,47.35368013814389,8.637134872761074
63,47.410323433087996,8.639734571601434
22,47.41392067129584,8.639815699621613
37,47.438215686259355,8.639038117198215
31,47.346430456717066,8.64226598396206
70,47.34732978383497,8.642286283188481
28,47.35272574141204,8.642408092977451
24,47.360847230912746,8.639943735965609
50,47.37430948294803,8.642895579661069
5,47.37700744055486,8.642956543361182
0,47.39319513850572,8.643322455710269
52,47.41029586841187,8.642384150395534
70,47.41390689563358,8.641140578882446
18,47.41659102931622,8.64252644498664
19,47.42828200844627,8.642790796005054
48,47.429195107473305,8.641485876361902
15,47.35000013883456,8.644993764363639
13,47.35269811513783,8.64505480632253
24,47.35268427923303,8.646378161962176
0,47.354482928413496,8.646418904706575
0,47.38775775910063,8.647173143422789
34,47.3949522717697,8.647336346404574
34,47.410254407436966,8.64635851341624
8,47.41566409316895,8.645155959724194
94,47.446212694243826,8.648500449850795
32,47.45072304269311,8.64727687753796
35,47.38143481501079,8.64967851618348
19,47.393112015049326,8.651268621089033
27,47.409327382230416,8.648987648376504
5,47.414709347567644,8.65043517716427
59,47.44528563085417,8.651131324733282
43,47.44709811681777,8.649846596557529
6,47.447983523453466,8.651192788082778
68,47.44888282044943,8.651213277256659
36,47.331044939880854,8.651180736975212
13,47.333742927997676,8.65124207025668
0,47.360708775154926,8.653179298863574
36,47.37959447092555,8.653609711922984
10,47.38049378701653,8.653630215420508
7,47.381393102855306,8.653650719612664
0,47.39489673275598,8.652633963371079
0,47.39939329022883,8.652736435048528
6,47.40388984128178,8.65283892409403
23,47.44345920943684,8.653741577388807
8,47.340909719642134,8.654051779350572
25,47.37865330784713,8.657561205124546
27,47.38226453393939,8.65631940135494
119,47.3831498835424,8.657664061384601
0,47.37682670298816,8.66016797194996
20,47.37772601866734,8.660188585114845
57,47.3795246492708,8.66022981353954
7,47.38132327886631,8.660271044757744
122,47.38220858269421,8.661615746705046
96,47.38670514982505,8.66171895224786
27,47.387632471295994,8.659091155896625
108,47.3885037749026,8.661760239360909
49,47.39211503517351,8.66051849074877
29,47.39481296852588,8.66058036797004
16,47.33901317663901,8.663271886430573
0,47.342624507199936,8.66203139289535
10,47.34261047655474,8.663354493935644
5,47.35341638637918,8.66227901461806
0,47.38038188826736,8.66422254845183
161,47.383979142625044,8.66430528472643
55,47.38667708073638,8.66436734429117
9,47.33717234646662,8.667199484061207
136,47.38306577302851,8.6656087051516
59,47.38666302341019,8.665691539261747
99,47.384836239451495,8.668298419210208
51,47.38936095853246,8.665753672212377
66,47.43162830599998,8.666727913819042
19,47.3389428004834,8.66988693474694
69,47.33982800366034,8.671230727042044
13,47.38480801942753,8.670946714804389
63,47.389290440546816,8.672374971907967
12,47.42617608381541,8.671904166841063
10,47.42796053867397,8.673271049787322
36,47.43068670898981,8.670683039131367
71,47.42887398192109,8.671966661254395
15,47.43428390159123,8.670766290978403
32,47.43516906824406,8.672112506288128
0,47.43425562519421,8.673417046640091
81,47.44236343666446,8.672279228745984
51,47.44234928873471,8.673604807835247
44,47.44324858334899,8.673625673730031
6,47.33711589568378,8.672491337163754
12,47.33801521986302,8.672512142810145
13,47.341612514158626,8.67259537243677
15,47.39737007024532,8.673886874115672
60,47.441435830956536,8.674909498625402
25,47.44323441997862,8.674951274516312
67,47.426999858358386,8.394895749341119
7,47.3829207273182,8.395429283385132
173,47.404494234331246,8.397141606387853
137,47.408091633341826,8.397206330058244
19,47.418894785592734,8.396075493539795
35,47.426078566437724,8.397530080117415
22,47.426067569821754,8.398855318919265
32,47.428787579393266,8.396253355025449
6,47.390981957579086,8.399547702060156
65,47.39187029115395,8.400888305855567
182,47.401774183886396,8.399742337599376
30,47.399964460374655,8.401034481373319
85,47.40357288470501,8.399774784553074
53,47.40896898101243,8.39987213861441
119,47.40715926012403,8.401164452606833
22,47.446730361964526,8.401879925008242
29,47.39545666629391,8.402277743363552
63,47.40083065450772,8.405024555251305
145,47.40624887289482,8.402472948890702
365,47.409835212812204,8.403862868635883
9,47.422437113405365,8.402765906125586
28,47.42151564072226,8.405399874730424
56,47.424235801608276,8.402798467969207
16,47.4260344887673,8.402831032021714
41,47.42601235872576,8.405481504663177
54,47.4476186526092,8.403221973038775
38,47.4017078237342,8.407690128992822
80,47.39989801127962,8.408982000952363
89,47.403517620715505,8.406398169194185
425,47.40891371147794,8.406496194641138
72,47.40710391645944,8.407788282061315
46,47.42599016788005,8.408131975089411
32,47.425979049655666,8.409457209469917
58,47.44576451859231,8.409818024404638
5,47.44938409371887,8.407232021635577
123,47.398976390397,8.4116147467961
4,47.41517579101407,8.410585479913406
17,47.387262495234324,8.414049839738405
16,47.38816184779196,8.414066300148342
72,47.3953566591552,8.414198003509936
97,47.396244821382055,8.415538961880994
101,47.40704819290321,8.414412097649581
34,47.407947539861354,8.414428570337735
31,47.41063438814588,8.415802842724554
33,47.41425413795607,8.413218953725641
8,47.41873968324542,8.414626286165822
9,47.346746570515315,8.41860274945031
5,47.37643664757184,8.417824359529597
28,47.382720896546644,8.419264172549303
67,47.389915714030664,8.419396564736891
197,47.39533426823095,8.416846944090365
161,47.398032317184615,8.416896476284897
114,47.39893166632685,8.416912988135628
7,47.39890921313197,8.419562105450424
70,47.410600723826235,8.419777392279688
158,47.41242187275269,8.417160733074766
15,47.41422056257007,8.417193775253537
6,47.33323361111435,8.421000799254273
130,47.381810297414894,8.420571758914098
94,47.38000032977835,8.42186271046737
17,47.38178776021997,8.42322002295981
92,47.38358646547349,8.4232532506774
26,47.386307060548205,8.420654608825135
157,47.38448581772366,8.423269865380528
158,47.38809450171954,8.422012041552367
115,47.388993852899205,8.42202863670624
123,47.388982575199506,8.423352947340838
127,47.390781276424114,8.423386184066413
4,47.394389954667574,8.422128219439777
58,47.39618865322905,8.422161418184226
121,47.39798735077358,8.422194619179079
5,47.368274846691115,8.425618478030614
7,47.37906710364447,8.425818313254693
95,47.383563866769514,8.42590160190887
62,47.3853738775874,8.42461070126577
35,47.38536257026294,8.425934921321224
36,47.38985932458968,8.426018229731115
38,47.396166079620365,8.42481039677261
96,47.39615477002735,8.426134885221003
29,47.397065428142454,8.424827041730829
0,47.401562166931555,8.424910274984832
10,47.418649715826305,8.42522669004855
6,47.41954905792064,8.425243349120363
0,47.35564984088596,8.42935588378235
114,47.38175384051453,8.427192414805212
62,47.37994379882583,8.428483139963076
105,47.380831799378996,8.429823948406225
15,47.38352985479688,8.429874124521051
63,47.38625059892927,8.427275823726953
32,47.388037962262054,8.428633477265864
56,47.39253471090729,8.42871701780145
20,47.393422705276265,8.430058147250536
0,47.39791944536756,8.430141816625166
0,47.4024275355906,8.428900856816432
58,47.45190254059008,8.428495205436661
73,47.451891188844975,8.429821081188212
45,47.355615709899084,8.43332632291939
67,47.35741442648972,8.433359875413736
0,47.38350710420417,8.432522470096984
11,47.38531718907128,8.431231795890632
4,47.38440645512777,8.43253924132242
14,47.386193757569345,8.433897024496941
27,47.38709310754753,8.433913819789657
27,47.390713288954224,8.431332304405652
11,47.38980255538204,8.43263988060917
21,47.39069050493717,8.433981006651791
160,47.39610937973092,8.431432833358238
114,47.395198646537764,8.432740540359577
4,47.343001841937536,8.435737850371078
0,47.377165962611315,8.43770114575482
6,47.38438364339846,8.435187629345899
5,47.38977974136468,8.435288536986643
50,47.39516439929075,8.436713926683785
34,47.39605230003163,8.43805525574614
7,47.39966113207278,8.436798161019226
19,47.41583786653093,8.438426498536797
66,47.418547339771045,8.437152101179459
70,47.41853588866012,8.438477144011937
70,47.419446680152944,8.437168961759848
4,47.42213324786053,8.438544679327698
97,47.45271063122246,8.439119099667296
113,47.455420079847094,8.437843854209218
47,47.334884696342904,8.438232489207387
26,47.33397386939989,8.439538578038777
72,47.33668342254092,8.4382661941497
88,47.337571321029706,8.439606077201733
8,47.33848214778,8.43829990137308
46,47.33847068333781,8.439622953420027
60,47.35645787876443,8.43996059775863
20,47.358256592954795,8.439994374766654
4,47.39424214489573,8.439345958154057
191,47.39514149183229,8.439362848046645
86,47.394230668570266,8.440670395608107
228,47.39694018494287,8.439396629549119
160,47.3987388770353,8.439430413341551
5,47.39963822269923,8.439447306096586
0,47.402336258158805,8.43949798779737
30,47.40323560280056,8.439514882842964
0,47.41043035069733,8.439650063828553
9,47.41582640079668,8.439751473632372
64,47.418524422350515,8.439802186271883
77,47.44100784379266,8.440224992337974
63,47.44280651038938,8.44025883231768
18,47.44279502369354,8.441584478790421
83,47.4436943564011,8.441601422051667
131,47.4544863280796,8.441804786044925
131,47.45538565731178,8.441821736783568
18,47.333939387896315,8.443507395951892
52,47.33754834700088,8.442252134938798
25,47.34925153031689,8.44114883198581
55,47.35013939200293,8.44248907911291
44,47.35372531146862,8.443880227983573
25,47.359121452048406,8.443981957641169
96,47.39870439960145,8.443404059542615
17,47.40231328685961,8.442147264830867
87,47.403212631117256,8.442164204628327
5,47.41310540100085,8.442350580307593
51,47.41398170508768,8.445017383625684
30,47.41667972588839,8.445068361464234
4,47.42030012310373,8.442486169923768
0,47.43466647127352,8.445408346304507
46,47.436476670998594,8.444116869579839
27,47.44007400612427,8.444184809224797
5,47.45447482367553,8.443130723333235
4,47.33932403510805,8.444932121967275
11,47.347418275956855,8.445084842508757
47,47.348317634841955,8.445101814329584
12,47.348306092399106,8.446425109097575
0,47.34920545084877,8.446442103823234
38,47.358199021950526,8.44661208272493
95,47.358187462204896,8.447935622592809
39,47.39238591863967,8.445934137937964
118,47.39417305906616,8.447292574265935
95,47.39596018251219,8.448651101798974
284,47.40136781819019,8.447428783277743
36,47.39955756130226,8.448719295790923
84,47.404065848649076,8.44747987118016
95,47.4085741163263,8.446240236655735
82,47.41485794735472,8.447684274756563
21,47.41664505454386,8.449043343560106
14,47.356365586062466,8.450548566189843
41,47.39863503452185,8.451351336403794
35,47.369832664576734,8.453452287224739
18,47.371631367510616,8.45348652837117
28,47.373418430491704,8.454844688672575
35,47.394126698011554,8.452590306811839
14,47.395014414580665,8.453931874451408
155,47.39772407651133,8.452658764621352
119,47.41029159037768,8.455548108366147
16,47.414799935750025,8.454309012368915
16,47.45528156841596,8.453755353351761
4,47.45526992693803,8.45508130784703
43,47.35901713932721,8.455894007095297
4,47.360815847408105,8.455928323688479
17,47.36170353428396,8.457269108032197
60,47.3697977044791,8.457423767795223
0,47.39408009389001,8.457888030078195
0,47.39677812580894,8.457939640999236
0,47.39947615543621,8.457991257168212
140,47.41117926805537,8.456890132820208
106,47.41297794690756,8.456924516918505
8,47.414764946416845,8.458283847964324
0,47.41565259104042,8.459626030858056
37,47.42915432838459,8.458559381652723
7,47.44444297305383,8.458852300103196
0,47.35447361280534,8.46110200817164
45,47.35266317729252,8.462390920509336
23,47.35985800963995,8.462529061751969
76,47.36257950798478,8.459933583410661
4,47.36797561984747,8.460036956301495
0,47.391335214847295,8.463133869937417
73,47.39585538809746,8.46057138439009
19,47.40122798712406,8.46332410068206
37,47.40662403170477,8.463427892805178
20,47.40752337156968,8.463445193544958
6,47.413818743407646,8.463566315148595
28,47.428219859046365,8.462517994369765
5,47.426409448957536,8.463808644624871
95,47.430906117100626,8.463895218756484
110,47.43452691851769,8.461313618161732
98,47.433615858054786,8.46262175774291
4,47.44349675282926,8.464137704467204
21,47.44619473943408,8.464189680679471
89,47.447993395837024,8.46422433442766
0,47.44889272363779,8.464241662183865
163,47.45341283851132,8.461676498079854
66,47.45431216509709,8.461693784527878
67,47.45521149141406,8.4617110715627
42,47.36523062142135,8.46528011491395
54,47.36612997249088,8.465297433397971
72,47.43359235640603,8.465272582238297
92,47.441674558163356,8.466754283207074
0,47.44348499223897,8.465463362883996
56,47.44708230639152,8.465532755322005
43,47.447981634262646,8.465550104903445
119,47.449768512027596,8.466910620548672
46,47.45066783889924,8.466927994312307
9,47.34091269874088,8.468782058001555
29,47.35981094928461,8.467823368551572
54,47.36430770759504,8.46791017265542
112,47.39128812695608,8.468431306095717
83,47.39487368836652,8.469825277621856
62,47.4074880678138,8.46741947966865
48,47.43625498290466,8.469301040214443
50,47.45065604631913,8.468253830853955
79,47.33548106705836,8.472646766064313
90,47.33638042497755,8.472664199128266
61,47.33907849729477,8.472716501859674
61,47.342687768510885,8.47146309793759
51,47.35886429440969,8.473100217534334
70,47.39035330845619,8.472386930287486
34,47.393051336930974,8.472439272297672
110,47.40565394967874,8.471358891055836
98,47.40564210617948,8.472683605392309
16,47.41552295727608,8.474200622707206
22,47.42812549705845,8.473120203047747
25,47.426314968521325,8.47441049024539
44,47.427214301094054,8.474427983062782
200,47.42992416128901,8.473155146854547
103,47.42901296545275,8.474462970477724
50,47.42991229723825,8.474480465075342
45,47.441615453079656,8.473382339400978
56,47.4461239442553,8.472144025732057
70,47.44611209183686,8.473469747837902
52,47.446999550965444,8.474812975229986
11,47.44969752962177,8.474865496433653
85,47.33726792383923,8.474004647414695
26,47.33544544626888,8.476615674272725
110,47.33724416067761,8.476650674907008
42,47.34175283265411,8.475415061796308
76,47.33994223048891,8.476703180300031
10,47.348935780839554,8.476878236781818
8,47.359751782248274,8.474441238820605
19,47.38312294795341,8.476219839441228
162,47.384921636706316,8.476254858223013
99,47.389430239683236,8.475018105677036
207,47.39212826772822,8.475070580104898
5,47.39392695182386,8.475105566020687
111,47.404719034995615,8.475315531325005
98,47.4056064845131,8.476657744847966
47,47.406505822658325,8.476675268783465
60,47.41461174543992,8.475508074567836
34,47.44159170461134,8.476033557731704
139,47.44157980756972,8.477359166005412
6,47.449673747161775,8.477517116982856
0,47.449661833120906,8.478842926364203
36,47.33633289944801,8.477956164832294
7,47.34352774779556,8.478096364900587
7,47.346225811943725,8.478148949713018
67,47.34711324446573,8.479489737002064
44,47.37859048118621,8.480104424013854
89,47.38579716571505,8.478920807589432
160,47.386684578585474,8.48026260419845
124,47.39029387993277,8.479008591522128
28,47.39297997355252,8.48038566658386
61,47.40467138828957,8.48061428848389
75,47.416374696703166,8.479518031799273
11,47.42267003376426,8.479641075205487
13,47.428054087118795,8.481071834686245
8,47.428953418170735,8.481089440675483
0,47.43885798441301,8.479957606717951
44,47.44065664031765,8.479992788819551
16,47.44785125329673,8.480133541106012
18,47.343503890792256,8.480742701355087
28,47.37135983853866,8.483935439233445
13,47.37317050444726,8.482646806906418
139,47.37225918509533,8.483953074713726
57,47.374081808764565,8.481340494398669
93,47.37586854247611,8.482699651669543
105,47.38216395579448,8.482822977003329
171,47.383950667610605,8.484182390326907
46,47.39205672325164,8.483016833059366
56,47.402848798191094,8.483228394827028
70,47.404659438626894,8.481938976284745
138,47.40643416786927,8.484623665902262
13,47.41364083622352,8.483440042670898
18,47.41633883992023,8.483492968088312
71,47.44241942097612,8.48400485819513
31,47.44331874739814,8.484022518562483
34,47.34166928281354,8.484676924753774
22,47.34165728641538,8.486000045651826
0,47.35334887266971,8.486229677950046
8,47.36773846058915,8.486512441087335
152,47.37133584769581,8.486583155812845
170,47.38121662127892,8.488101773988452
115,47.383027328249554,8.486813044850562
81,47.38573736243026,8.485541894880916
152,47.38933473031091,8.485612568084319
88,47.39110938268642,8.488296607365887
0,47.39203275356568,8.485665579273586
72,47.39473077453744,8.485718595852507
89,47.39651744528092,8.487078427282054
61,47.40281281365657,8.487202318592857
169,47.405510824834366,8.487255423868618
39,47.408220844943145,8.485983759624826
4,47.40819680726007,8.488633308866055
66,47.410918852091946,8.486036808561412
0,47.42440885284653,8.486302134206706
0,47.423485476767006,8.488934752000263
11,47.33352701256567,8.489809885078222
92,47.36861375736086,8.489177698970197
114,47.371311796112984,8.489230869997018
150,47.377607211156295,8.489354956739145
119,47.40099007340177,8.489816108090249
80,47.40097801818462,8.491140702195606
102,47.36679095331123,8.49178974293694
112,47.366766782268435,8.494437228847108
131,47.36946482008842,8.494490664422297
121,47.37578440805373,8.491967435668727
168,47.38115629141948,8.494722281334592
0,47.382079811527916,8.492091856398496
120,47.3883752026898,8.492216306638749
290,47.38655234082946,8.494829215856164
234,47.39197256351098,8.492287434315973
43,47.397368597127326,8.492394143911708
19,47.39824374998425,8.495060981916874
84,47.40096594777406,8.492465295698729
137,47.40095386217023,8.493789888598862
56,47.401865284796564,8.49248308515287
129,47.402740434353014,8.495150149903296
123,47.40363977045855,8.495167985314172
131,47.40543844189966,8.495203657949792
68,47.42252576906501,8.495542668662043
82,47.424336535683516,8.494253192446877
150,47.4243244296232,8.495578366708349
10,47.34696900005428,8.495368784426875
30,47.36405663453075,8.495707473720813
40,47.364955981258205,8.495725305509271
95,47.368541241809034,8.497120424839466
71,47.36942844782349,8.49846208987308
39,47.37213862146746,8.497191857086605
188,47.37484877890295,8.495921495044827
5,47.37754680939657,8.495975013969
143,47.37753468348451,8.497299023604942
35,47.378421884977996,8.498640918193823
109,47.38024483763849,8.496028538332334
52,47.38022056941088,8.498676691127658
461,47.382043521879275,8.496064224263447
91,47.382942863622745,8.496082068135776
161,47.38381793526457,8.498748244267258
68,47.38743956856337,8.49617129656656
86,47.399130971784125,8.496403361251858
41,47.400030308711194,8.496421216616874
116,47.40272831795733,8.49647478634344
118,47.401804703831274,8.499106155477229
70,47.40362765386029,8.496492644129585
43,47.40450271032191,8.499159863087007
0,47.4189041895301,8.498121357849568
96,47.420702851364744,8.498157140610514
0,47.35952348606987,8.499589010164765
44,47.36039848302318,8.502254071819909
40,47.36671825797912,8.499732193423297
105,47.37391301404451,8.49987541547864
4,47.37571170057198,8.499911227056586
31,47.374800186571235,8.501217261725502
29,47.3819827353726,8.502684825271054
255,47.386491625188114,8.501450378876077
30,47.40089320625151,8.500412844028116
66,47.40086883753122,8.503062021952342
73,47.40446617758783,8.503133899382043
172,47.418867692613766,8.502096470321517
149,47.42067853447206,8.500807305756688
278,47.42246501279786,8.502168306950146
81,47.36128563154604,8.503595617254224
13,47.359474725361444,8.504883250117814
44,47.36578236032059,8.503685443432218
111,47.368468179628515,8.505063128937444
36,47.38107119173271,8.5039909662411
7,47.39364971892027,8.505567113891562
41,47.39454905595203,8.505585122198777
104,47.396359950573476,8.504296665061283
101,47.39634772925205,8.50562114064421
81,47.39905795922447,8.504350630196067
7,47.40354241223966,8.505765238844603
396,47.40715197135525,8.5045125585304
130,47.41974261537347,8.504764545280077
59,47.36214829156273,8.507584457730323
130,47.36304763695158,8.507602489380274
321,47.381022229212405,8.509287344234103
152,47.39182655792275,8.50817982476799
273,47.39272589505332,8.508197876586408
67,47.39810964518775,8.50963071883475
85,47.399033500162865,8.506999714974267
132,47.40083217050165,8.507035784268856
43,47.4116119157815,8.508577106146621
71,47.412498976682954,8.509920047950637
134,47.41341057850578,8.508613237330284
13,47.41429763847887,8.509956225126722
109,47.41790723077878,8.508703576010346
209,47.41789495895724,8.51002858683976
67,47.419693617636206,8.510064771377282
97,47.42241613419598,8.507468806620519
11,47.421492275272605,8.510100958369192
6,47.42330320491804,8.508812002648076
30,47.4260011884603,8.508866224241682
26,47.426900515783686,8.508884299332342
20,47.42598891479109,8.51019143658877
67,47.42688824190916,8.510209534074077
7,47.332420656312564,8.512281301699796
90,47.35490439863577,8.5127340051033
188,47.35580374516976,8.512752121208674
123,47.35672768312123,8.510123260513003
66,47.35850178330098,8.512806473204975
0,47.36119981922138,8.512860830722289
229,47.365708846303825,8.51162772705916
155,47.3675198243318,8.510340172822104
146,47.36841916782698,8.51035825282689
166,47.371117196823384,8.51041249651533
194,47.372016539324996,8.510430578969626
92,47.39539935634451,8.510900937861008
70,47.39807275211139,8.513604270623595
107,47.41246207373407,8.51389467382311
66,47.41427305088694,8.512606065857298
51,47.4160717108231,8.512642335027333
188,47.41697104040165,8.51266047053479
218,47.423278643612015,8.511462292369727
67,47.33330769564574,8.513622309795995
0,47.339578480682654,8.516395313909554
158,47.35756543553561,8.516758883787212
74,47.35846478071583,8.516777068743338
93,47.36655887625594,8.516940761059892
99,47.36926925550558,8.515671536920271
265,47.37016859768132,8.515689707536794
222,47.37287896020962,8.514420333739773
90,47.37555229221119,8.517122699936143
306,47.377350972411,8.517159095106969
257,47.380960684341936,8.515907802948199
139,47.415147732192835,8.515274083175129
0,47.43493291921796,8.515674178232228
7,47.44841039139435,8.517272910938146
0,47.451095978306874,8.518653423510264
37,47.33327066484062,8.517591028051909
34,47.3350693676475,8.517627409990935
119,47.33595634412144,8.518968573690481
70,47.33955374506554,8.51904143669689
310,47.360251105368384,8.518137015794347
40,47.36833281259096,8.51962469602978
278,47.37014387837872,8.51833735027895
16,47.385432650136934,8.518647104966504
33,47.38902999764159,8.518720014352763
69,47.395325346019014,8.518847629561105
166,47.397124014694796,8.518884096610122
37,47.398023348650064,8.518902331061627
9,47.41421131596089,8.519230656909697
14,47.346736143141605,8.520510431366196
46,47.35840280611799,8.523394715649562
129,47.36830800301109,8.52227224568336
271,47.37998699137412,8.523834020935714
163,47.38809345587242,8.522674586834977
28,47.390791462737546,8.522729474776124
5,47.389879694817175,8.52403548858087
39,47.39260255069801,8.521441691717774
121,47.39530055437809,8.521496521859032
155,47.39348946731993,8.522784368297575
77,47.397099222224846,8.521533078383754
224,47.39617503560652,8.524163734368697
23,47.411488528105586,8.521825619817719
11,47.41147610575933,8.52315046778677
113,47.41326232598232,8.524511983503073
217,47.42497844223668,8.522100021583451
6,47.43756897558472,8.522356255886613
0,47.43936761897832,8.522392870723161
28,47.44565043223334,8.523846741245826
35,47.44654975145891,8.523865076356492
58,47.33590669409495,8.524260454746582
196,47.335894243651495,8.525583423464111
84,47.338604742676395,8.52431536890836
18,47.34040344052679,8.524351981446783
96,47.34310148549212,8.524406904900992
61,47.34398838101521,8.525748383569102
89,47.347598222259045,8.524498456384599
107,47.34937199296108,8.52718168784319
47,47.352082498762165,8.52591339392896
173,47.35388118891465,8.525950069725193
101,47.35476806363253,8.527291845497379
219,47.35927725349436,8.526060112014887
57,47.36558510828622,8.524864817318733
106,47.36918247366956,8.52493811928221
38,47.37185556238264,8.527640825740578
202,47.372754901945086,8.527659199342683
203,47.37816340948809,8.526445436145647
233,47.38537056851609,8.525268101046432
24,47.39076658202762,8.525378139693379
191,47.391665916726375,8.525396481643082
302,47.39256525117126,8.525414824214366
190,47.39254030886658,8.528063576105247
60,47.394351455324795,8.526775932211454
135,47.39523830942477,8.52811874175009
32,47.39796125249689,8.525524892697396
108,47.39794878768957,8.526849403162066
72,47.41142626441375,8.528449853446757
179,47.41414920111315,8.52585523249471
57,47.41322492092791,8.528486656109362
110,47.41412424879634,8.528505058376602
45,47.415947856906264,8.525891949362553
56,47.44291509285868,8.52776863129892
57,47.44741168719279,8.52786063989392
16,47.450109640584316,8.527915852545702
43,47.453719385759676,8.526663579279855
83,47.453706908016855,8.527989478160702
69,47.45460622420274,8.52800788612647
92,47.33227189826832,8.528155881028098
96,47.33496994785723,8.528210988603261
136,47.33585680127299,8.529552325893041
113,47.33946669236932,8.528302846993958
195,47.34935950904088,8.528504990174795
153,47.35025885455432,8.528523370559826
105,47.35385623416844,8.528596898322245
60,47.35294438969742,8.529901906480916
82,47.36015163906663,8.528725595867904
74,47.361038479826995,8.530067575775861
84,47.36913254999843,8.530233295564914
94,47.37274241260043,8.528983082492578
246,47.374541090559774,8.529019876263355
213,47.37902527509188,8.530435910584492
206,47.38713180821015,8.529277502470073
97,47.391615972189335,8.530693893471092
135,47.3961126376953,8.530786059880406
125,47.40780393810658,8.531025765657274
38,47.40960259585233,8.531062652846147
134,47.41141376608731,8.529774698303902
227,47.41501107724272,8.529848395657401
27,47.443789415752114,8.530438334566535
155,47.44827348454976,8.531856332906756
12,47.45458122267476,8.530659726848251
6,47.332221826695296,8.53344738764814
70,47.33402052498848,8.53348430393525
74,47.336743638856234,8.530893707818718
144,47.334919873775526,8.533502763015633
14,47.33851726652129,8.533576605583534
155,47.34393841998513,8.531041055800479
147,47.34392589178524,8.53236422230158
53,47.34661138608501,8.533742787912452
4,47.35020876625228,8.533816662975603
54,47.35383121870327,8.531243724429938
31,47.352020000136896,8.532530237428926
77,47.36100088329568,8.534038348195185
102,47.36191277235464,8.532733213508168
46,47.36190022478618,8.534056826029362
26,47.36642201058509,8.531501775502141
52,47.36819560830137,8.534186188389922
102,47.369120031120524,8.531557088078205
96,47.369094947812584,8.534204671230627
90,47.372704853456035,8.532954728200655
256,47.37901275391227,8.531759948948467
226,47.380786338773056,8.534445005137203
269,47.381698226969206,8.533139392565586
151,47.38168567478653,8.534463496744936
71,47.38258501054847,8.534481988979158
206,47.39160344807905,8.532018244868448
281,47.3934021146259,8.532055154289246
23,47.395188240016125,8.53341650644905
114,47.39517568468547,8.534740946059985
22,47.397898776538064,8.532147438787192
120,47.396087572189074,8.533434985716806
22,47.399697439516345,8.532184356965514
39,47.39878556717707,8.533490427278105
191,47.40058422922436,8.533527391451022
293,47.40239543206395,8.532239738925849
293,47.40148355986391,8.533545874477207
17,47.401471003063676,8.53487047068124
20,47.4023703332369,8.53488897670743
55,47.407778867150995,8.53367527320544
147,47.4068669802502,8.534981516249017
52,47.41136362082168,8.535074071478327
131,47.41675958096536,8.53518515846772
68,47.417658906746944,8.535203675163423
0,47.44106640193616,8.533034166430093
93,47.44824839471231,8.534507856053624
101,47.45094634415596,8.534563406786909
36,47.33400796874182,8.534807223662035
97,47.33668085447739,8.537508641210572
5,47.356479033988634,8.536592923523502
19,47.36818304408135,8.535509956682127
0,47.37178039979494,8.535583981187164
21,47.37447841396565,8.535639506147694
24,47.37715124768999,8.538343018429638
106,47.37986185342111,8.537074631211949
49,47.38076118926548,8.537093166903697
64,47.39786110865678,8.536120958939586
90,47.39694919127993,8.53742691677289
146,47.39784852231209,8.53744546440225
145,47.402357761033265,8.536213594657612
94,47.408627870641624,8.538992858328616
0,47.414948353474635,8.536473058217958
68,47.414036436989846,8.537779429267145
81,47.418533065092284,8.537872233461878
73,47.42482833348617,8.53800218577459
0,47.44550008323531,8.539755080786039
24,47.334856939750274,8.540117466971903
13,47.33575628724629,8.540136038263759
16,47.33574365470728,8.54145899949017
9,47.36813263536408,8.540805023576375
28,47.37174261350677,8.539555550458248
19,47.37171734672438,8.542203260161312
7,47.37623929938523,8.539648430442048
37,47.381622686060126,8.541084008229198
244,47.381610042752335,8.542408108638252
59,47.388804711672584,8.542557137304447
143,47.391527984419824,8.539964340093183
150,47.39151535397721,8.541288687097001
193,47.39422598007366,8.540020107747639
217,47.39601201107159,8.5413817481702
302,47.399621964500746,8.540131660068358
45,47.40050866178944,8.541474825014937
147,47.40229467211457,8.542836674972051
39,47.40410597775408,8.541549297849308
66,47.40409332916065,8.542873957400259
60,47.404992657298244,8.542892599562268
21,47.407715923850716,8.540299031093785
75,47.407690640166464,8.542948529840368
69,47.40861525138072,8.540317631026795
88,47.41038862071323,8.543004465807336
26,47.419394524550285,8.541865920091452
76,47.4212058095952,8.54057809632036
124,47.42209249560358,8.541921813554092
66,47.42299181876538,8.54194044597211
0,47.42660174747697,8.540689762165226
15,47.42568978667985,8.541996347018078
119,47.42658910879358,8.542014981964162
82,47.42567713300796,8.543321543791158
32,47.33212095521693,8.544030370864265
15,47.36990601572705,8.54348983239509
197,47.368994007221765,8.544794978740557
171,47.37350336438883,8.543564398265005
48,47.37620137326552,8.543620329297635
79,47.377088036434,8.544962961613301
93,47.37979871493038,8.54369491284996
123,47.38339605257753,8.543769506509744
157,47.38428271204167,8.54511232272229
129,47.38518204535998,8.545130995707487
106,47.389691383750204,8.543900069742516
10,47.394188041272045,8.543993348157372
7,47.396873355446154,8.545373802103573
222,47.402269330193775,8.545485902679996
67,47.407665295702785,8.54559802605856
57,47.41306125192556,8.545710172247226
241,47.41667123284163,8.54445997743749
0,47.421167851754575,8.544553350766858
145,47.42205449153125,8.545897133272375
34,47.359962520943775,8.548579075804245
14,47.36625789165806,8.548710149637088
49,47.368955903965585,8.548766333649027
141,47.37887401860909,8.546324329544433
155,47.38064726471268,8.54900986368104
200,47.38155931764652,8.547704503956556
37,47.38427002253516,8.546436488307664
125,47.38334526502415,8.549066078151016
77,47.38875397978279,8.547854248115337
117,47.39326334221065,8.546623470256819
58,47.39325063539187,8.547947858829964
50,47.40044527112431,8.548097668971387
152,47.4022566364434,8.546810515584255
150,47.4049419101377,8.548191320940738
167,47.40945125336251,8.546960197503324
173,47.412136519167895,8.548341197114668
7,47.4112244676786,8.549647295777332
93,47.41573381747241,8.548416150448023
92,47.42381499418333,8.549909981442745
145,47.42652568737399,8.548641071461999
130,47.42651295748964,8.549966287456881
190,47.363521641043185,8.552624918357152
48,47.36534582312415,8.550015117227934
64,47.36984250923887,8.550108868969225
56,47.380609016492514,8.552982084541322
121,47.384219112627285,8.551733144307432
52,47.3860177768851,8.551770714501034
39,47.38600501101098,8.553094921629638
24,47.386904342547545,8.553113730041268
85,47.388715771376134,8.551827074565407
51,47.391426515551494,8.550559098422278
192,47.404017118530106,8.550821901408463
23,47.406689571973104,8.55352767640292
103,47.410286873078746,8.553602972548846
28,47.41570834761679,8.551066044456357
8,47.419292881480914,8.552466222641915
71,47.41928010770588,8.553791257598192
45,47.4210915257104,8.552503842537337
254,47.42287739426493,8.553866589497977
144,47.427386772271106,8.552635532269077
135,47.35359054344576,8.55638844714013
235,47.35541481605339,8.553779261271309
204,47.35811283469021,8.553835690479753
192,47.35628856227173,8.556445006528813
228,47.358087240262236,8.556482715979493
146,47.35899938390708,8.555178036894855
139,47.36350886531958,8.553948566093545
134,47.36439541177432,8.55529105036587
60,47.3751874407402,8.555517146209189
19,47.37699890285654,8.554230855489928
85,47.37698610874389,8.555554837784848
79,47.376073965782574,8.55685995098269
53,47.37969690362432,8.554287330582097
144,47.38059623671152,8.554306156888316
105,47.40487813432159,8.554814708370165
31,47.40667678599429,8.554852397366885
252,47.413845761387414,8.557652977003851
90,47.35176621085352,8.558997454350324
4,47.36077243477566,8.557862863747905
31,47.36167177244899,8.557881743684975
102,47.370652297405144,8.559394402155755
43,47.38055780624615,8.558278370099403
59,47.38054496571689,8.559602439890604
63,47.3832429608983,8.559659190910201
138,47.403927514812736,8.560094473779078
132,47.40843698624666,8.55886438224135
49,47.42642342269681,8.559242781551857
36,47.429121379145776,8.559299563589523
40,47.43002069743575,8.559318492219546
60,47.3508282792714,8.562948552739837
87,47.352652701709566,8.560339726738652
86,47.352626958055296,8.562986477838761
43,47.35625005806102,8.560415405976764
43,47.356237192963704,8.561738871179239
18,47.35893520700595,8.561795704340707
205,47.36073388180377,8.561833596322252
71,47.36163321883295,8.561852543275306
121,47.361620337264185,8.563176141856614
75,47.3697401092857,8.560699294423419
97,47.37511035973406,8.563460758331408
11,47.376921910389946,8.562174739668
51,47.379632777985215,8.560907570961614
29,47.378707689586044,8.563536680482521
50,47.379607021422096,8.563555662627799
24,47.38321723298854,8.562307462705622
28,47.40570042661885,8.562781730630197
12,47.40838550633211,8.56416343102343
26,47.409284829761624,8.564182434409874
216,47.41199569213193,8.562914597684724
95,47.421875330532934,8.564448549489448
169,47.42908277715383,8.563275395854074
90,47.429994977544894,8.561969092498504
45,47.430894295140966,8.561988066564744
158,47.42996919685003,8.56461969020286
143,47.432667147552735,8.564676748719037
71,47.43806304181794,8.564790883175021
9,47.34089680763497,8.566709261685423
15,47.34449417234591,8.56678535409035
75,47.34719219333233,8.566842430154711
47,47.35081538510636,8.564271882666112
97,47.34990313643549,8.565576205704206
106,47.3507895512405,8.566918540589997
39,47.35798425532253,8.567070792382022
130,47.35980876707031,8.56446175717826
130,47.36069519219904,8.565804323122789
246,47.35978292888805,8.567108861773743
16,47.36250677686545,8.564518732068873
100,47.36430544882747,8.564556718544827
97,47.36517894366453,8.567223085418608
37,47.366078278595,8.567242124949146
37,47.36878921073973,8.56597547202251
7,47.36968854489318,8.565994491787121
15,47.36967561583521,8.567318289519495
0,47.40205147016194,8.568004235292122
60,47.403850119074164,8.568042367933195
212,47.405661704664034,8.566755810995076
85,47.405648766957604,8.568080503159695
96,47.40927192157991,8.565507217375304
63,47.40835967520553,8.566812951551873
214,47.411969889668995,8.565564298541258
232,47.413742669654745,8.568252143681741
147,47.42456037648143,8.565830754108372
69,47.42815764901318,8.565906907511247
154,47.43085560064983,8.565964029344741
5,47.42993041180048,8.568595581918709
121,47.43625149679465,8.566078290453856
28,47.345367620932734,8.569450766218985
51,47.34535465217467,8.570773958960105
6,47.348078594122505,8.568184717807707
16,47.34987727264453,8.568222817681779
108,47.35077661153969,8.568241868586094
6,47.35794538548966,8.571041310420386
119,47.36156865917278,8.568470529751007
0,47.368750378662995,8.569946796248333
57,47.37684437122754,8.570118600726675
7,47.3813280475742,8.571538156644854
83,47.40293784249583,8.569347925683322
60,47.404736490460685,8.569386104365885
27,47.4029248750518,8.570672549430062
29,47.403824198946,8.57069166082178
137,47.40560986267393,8.572054575771915
106,47.40833378329959,8.569462469497168
0,47.409207152744855,8.572131122511268
9,47.4101064746168,8.572150260818159
26,47.412830393534726,8.569557940475898
97,47.42542086760402,8.569825345347878
90,47.42721950257091,8.56986355640978
33,47.42720652926942,8.571188784520581
15,47.42539490666951,8.572475711347332
58,47.43440105686539,8.571341833872122
30,47.437111976041656,8.570073763597128
87,47.447877756855064,8.572954656127312
27,47.333637236911144,8.573171620659544
51,47.342643648394656,8.572039810965828
31,47.34173130971806,8.573343801050259
65,47.34624100770245,8.572116265711937
7,47.35881873218708,8.573707465267736
35,47.363328411056884,8.572479567162562
58,47.38401304290249,8.572919665990574
27,47.40378520480233,8.574665595293698
81,47.40559686419127,8.573379265346249
93,47.44065723372082,8.575452474558546
35,47.44245585795127,8.575490886914903
59,47.445153792295955,8.575548510337857
12,47.33359815699934,8.577140320631264
21,47.33542290954468,8.57453282370786
38,47.343516976053415,8.574705216633127
76,47.34349090281552,8.577351506990722
44,47.34530262537253,8.576066723455119
29,47.34979931699255,8.576162638113532
29,47.350685608635004,8.577505146459165
0,47.356094675006354,8.576296945911132
32,47.359678968915375,8.577697254314321
7,47.40017488272925,8.575913439174235
0,47.39835013453973,8.578524059890077
4,47.411839965604294,8.578812763991756
117,47.41724894383809,8.577603308829906
177,47.41813520018506,8.578947542827713
54,47.42625516779783,8.576470472644425
0,47.4316249454462,8.579236462385948
61,47.43344969053708,8.576624233485207
185,47.44154350837739,8.576797264322114
167,47.44331600996778,8.579486978287218
128,47.44511463128647,8.579525529004442
101,47.45412079286314,8.57839242548251
34,47.333572027856476,8.579786117366282
64,47.33538378280503,8.578501655628731
46,47.334471369153476,8.579805357509004
46,47.33718246463337,8.578540094534802
32,47.35426989368848,8.578905393936331
39,47.35515615222211,8.580248060550591
46,47.35606856530983,8.578943860173506
140,47.40373299990202,8.579964165483945
148,47.4046323220139,8.579983434145724
150,47.40731719671944,8.58136597446938
45,47.40910273246741,8.582729336948644
115,47.41722280444424,8.580253264016104
130,47.41720971195144,8.581578240628952
67,47.41989455684352,8.582961188260331
41,47.427115290555875,8.580465363085706
8,47.444189137833504,8.582157551009624
41,47.44600085724574,8.580870499335239
103,47.44778637657843,8.582234836955726
30,47.454068417366884,8.583696007009918
13,47.33714320001492,8.582509054506602
24,47.338042539912074,8.58252834189044
10,47.33894187956801,8.582547629926962
4,47.343438574222496,8.582644079901161
18,47.34973393654788,8.582779137288412
8,47.35153260930493,8.582817730991367
60,47.351519487243074,8.584141073528418
53,47.35871416672051,8.584295653137985
21,47.39739842932318,8.583802754126475
104,47.39829775257393,8.58382208532408
179,47.40189504301526,8.583899416667172
202,47.40278123041476,8.585243367720127
158,47.40457987314166,8.585282083382591
58,47.41808279894293,8.584247537511798
22,47.42437801460897,8.584382975233924
31,47.44414974940628,8.5861344926266
92,47.445961513116174,8.584847577375207
55,47.446860822229425,8.584866944009734
111,47.44684767688887,8.586192657786254
50,47.447746985514264,8.586212047488853
56,47.35509053752816,8.58686521986325
122,47.3604733702815,8.588304998279359
6,47.38207046099212,8.587446528601042
60,47.38298294801524,8.586141792493407
14,47.382969787901246,8.5874659157339
30,47.383869114558095,8.587485303523614
82,47.40543969727111,8.589275489362862
98,47.417157190008126,8.586878140527636
36,47.417144021529346,8.588203113860335
121,47.41623152090462,8.589508652029728
46,47.41894265508588,8.588241940075612
48,47.4207544569581,8.586955706044622
49,47.42074128759819,8.588280768924417
5,47.421640603462194,8.58830018433649
134,47.4468081496338,8.590169795164472
84,47.453103299742345,8.590306007576567
16,47.355037772539525,8.59215893551579
103,47.35596351932606,8.589531491115489
59,47.35774898695651,8.59089381289736
95,47.35683643927734,8.592197849730683
15,47.358648319931426,8.590913249316266
122,47.36043376980096,8.592275686066046
25,47.36313176510366,8.592334070236154
8,47.3640443126013,8.59102988165101
22,47.36494364384758,8.591049322677373
0,47.37395014611246,8.589919871414978
42,47.39460821088084,8.593015657420935
119,47.398218723869654,8.591769103803028
200,47.400017366960185,8.591808036604775
58,47.40182921933871,8.590522381128217
179,47.40091668812091,8.591827503995411
29,47.402728540206745,8.590541827466048
67,47.41800374115645,8.592197509840696
43,47.44676848552892,8.594146926599706
7,47.44946640662423,8.594205501087146
133,47.45309009203222,8.591631875606693
121,47.45488870348502,8.591670844216205
92,47.45486224155699,8.59432266795671
26,47.347816625755335,8.59464980160192
102,47.36042053927856,8.593599247344763
7,47.36221920261864,8.59363821414204
83,47.36489068697163,8.59634401325561
35,47.383803085072046,8.594106021641673
49,47.38289050828008,8.5954106413564
53,47.38287724185386,8.596734759983004
86,47.411655519033985,8.597360505787705
41,47.415279318789565,8.594788923208165
38,47.41706469151683,8.596152940005517
30,47.41525278515714,8.59743877175126
122,47.42154799084548,8.597575762735303
40,47.42337315631686,8.594964657482805
0,47.44942660367143,8.598182828259977
47,47.344179467072294,8.598541295593893
47,47.34868942957479,8.597315836381116
149,47.3567701392858,8.598815202804843
79,47.3585820936272,8.597530829042197
71,47.359468134224755,8.598873914098682
83,47.38466260976339,8.598098011896322
39,47.38556193414598,8.598117579865221
87,47.3990517694073,8.59841117898356
195,47.40893097541252,8.59995134583907
82,47.41254154701013,8.59870492741315
47,47.41523949554607,8.598763695027872
41,47.41882345091864,8.600167073299838
4,47.331575447952375,8.599590361708616
0,47.340555505135,8.601109193042017
78,47.34773685139344,8.602589275542813
127,47.3540588372623,8.600079899105198
121,47.354032181981594,8.602726700377309
95,47.35675683374741,8.600138671435039
64,47.355830845659916,8.602765970597499
47,47.35945482801941,8.600197449734653
29,47.38011270840736,8.603296378958065
439,47.398125832489136,8.601040595330405
113,47.40440773541591,8.602502620634871
106,47.40530705351449,8.602522270323167
114,47.41161560728159,8.601335005041376
75,47.4125149235344,8.601354637679302
161,47.41341423952759,8.601374270982927
56,47.4143002202835,8.60271880385079
95,47.42150807174889,8.60155100067851
22,47.42059542156287,8.602856416976815
18,47.42058206982581,8.604181471904992
58,47.34771013851986,8.605235761549018
111,47.35491816331125,8.604069757126526
0,47.377401376426974,8.604561401260248
5,47.37557596802048,8.60716992404681
40,47.37827394328527,8.607229079429414
104,47.394488513661024,8.604935329352243
29,47.39447513801667,8.606259734018701
84,47.39266310636412,8.607544676367667
155,47.40525357058768,8.607820964097517
97,47.411575558769805,8.605309498304077
151,47.40976354737866,8.606594885742167
109,47.41156217887499,8.606634328056776
0,47.44664867211922,8.606078285042198
0,47.34315986533065,8.610429915167765
7,47.344072622717576,8.609126525206118
15,47.39444834115619,8.608908541346977
120,47.39623355883967,8.610272497797355
143,47.3971328779061,8.610292275697844
100,47.39801875941128,8.611636545727222
34,47.39891807774102,8.611656347337457
4,47.405226737962415,8.61047030697262
36,47.41152194801802,8.610608813299649
32,47.42321301862521,8.610866126572217
35,47.424112329919005,8.610885924600147
76,47.42319957502575,8.612191244649802
0,47.335052415728136,8.611575025424118
27,47.33773696888862,8.612957351673053
20,47.33864975628337,8.611654137599633
0,47.34852896752503,8.613195012299903
33,47.39171007302176,8.61282228747128
26,47.39350871255301,8.612861926696349
0,47.402501894872714,8.6130601631305
76,47.40519984456279,8.613119647164911
22,47.406099160610616,8.613139476520766
61,47.414179521656884,8.614642863851982
68,47.415092306856806,8.613337807059814
26,47.416877460570184,8.614702441260505
20,47.33322682584348,8.614181235764292
16,47.33412616137543,8.6142010560949
23,47.33592483171769,8.6142406987681
4,47.37909262678083,8.615192928514908
86,47.39165611743424,8.618119617650565
44,47.3952533918681,8.61819925662288
5,47.400662809790575,8.616994180122738
78,47.400649295849725,8.618318735326692
126,47.40427357453381,8.615749111236255
88,47.403360758995305,8.617053861471788
26,47.40334724437648,8.618378483791295
78,47.415065347723576,8.615987636896252
29,47.41773626390399,8.61869724492111
52,47.42315915303542,8.616166594846073
30,47.42404495880814,8.617511620208944
15,47.42585708342561,8.616226259635907
57,47.42675639303,8.616246149248402
66,47.42583005808255,8.618876624073783
33,47.42765570237115,8.616266039535573
46,47.428555011448935,8.616285930497456
35,47.4303401226117,8.617651008971624
0,47.431239430671916,8.617670924354051
26,47.42942729311139,8.61895636571992
4,47.43482313773388,8.619075998479236
0,47.44114531075481,8.616564474830676
112,47.44381619086495,8.619275440539344
167,47.44472901973384,8.617969736188067
53,47.445628323538585,8.617989662385286
138,47.44471549471094,8.619295388467876
29,47.45101061412692,8.619435042925229
63,47.334957933473476,8.620835494525961
101,47.36285072203742,8.620130124849828
50,47.36644802685724,8.620209856258553
40,47.3889175347897,8.622032684801296
110,47.39254190932785,8.619463879605085
45,47.39251480956337,8.622112584025015
41,47.401535082923125,8.619663227706408
87,47.40060866287377,8.622292396885195
67,47.401507978627016,8.622312379477998
57,47.40423302999937,8.619723045314114
142,47.40330660936208,8.622352346695743
61,47.406004553532874,8.62241230260331
67,47.4168098705219,8.6213272312549
61,47.420420663541826,8.620082078755638
89,47.42040711423199,8.621407124946213
22,47.42668871454497,8.622872167231519
150,47.42760158907706,8.621566944848272
61,47.429413756734995,8.62028163649875
37,47.43119882018379,8.621646871064058
14,47.44110473840211,8.620541162792655
141,47.44107761414864,8.623192284713992
47,47.442004042823115,8.620561131095695
128,47.44380265086391,8.62060106973468
0,47.450097770571574,8.620740876320756
24,47.332246372782215,8.622098553342282
72,47.33314570719975,8.62211850688355
72,47.3322328001288,8.623421407190163
62,47.361024953863264,8.622737401726553
43,47.361910700344474,8.624080967480861
49,47.36552158448094,8.622837284316796
21,47.39878286689381,8.624901448572713
98,47.405977386195495,8.62506167539732
73,47.41766844476922,8.625322136690832
155,47.4410640292164,8.624517844656388
83,47.44376193963435,8.624577953251443
32,47.44644624614373,8.625963761670578
0,47.33311854626643,8.62476425853023
18,47.353789552211985,8.62654779145374
61,47.35828618929505,8.626647981987242
35,47.368192381239346,8.625544715258586
26,47.36817876914728,8.62686846087636
7,47.39157472836216,8.62606559266446
41,47.391561110353074,8.627389919460633
20,47.390648159725174,8.628694158619881
8,47.39247404599232,8.626085635575702
41,47.396970630315664,8.626185860321414
78,47.40684947138127,8.627731121634305
134,47.42484930921653,8.626807633065726
132,47.4257349906029,8.628152878267626
111,47.42572134873723,8.629478054718371
22,47.426620656070796,8.629498168252843
124,47.4383116273681,8.62975970630175
89,47.4419361170254,8.627189042829329
29,47.441908840279226,8.629840202758144
63,47.44280814284001,8.6298603285795
54,47.443707445133526,8.629880455083835
0,47.44462039381968,8.628574935428514
43,47.4455196958064,8.628595040890955
52,47.447331931115954,8.6273095391116
31,47.447318298975986,8.628635253862903
21,47.446405350408355,8.62994083869513
11,47.33396337513586,8.63007584179856
0,47.354647963002755,8.630538055796155
22,47.35913092489778,8.63196210423157
20,47.36545352743263,8.629455677271247
37,47.36635285167505,8.62947576752522
0,47.36902349198868,8.632183573532528
4,47.36992281477903,8.632203711196576
0,47.37441942498541,8.632304409748274
0,47.388835876399845,8.62997824509853
63,47.393305119144486,8.632727529975199
72,47.39420443512364,8.632747686068349
71,47.39601674622663,8.631463564409286
70,47.39872835718755,8.630199470103808
30,47.407721494621164,8.630400655332277
15,47.419412534583486,8.630662298123125
56,47.42211046062367,8.630722693610547
150,47.42390907667325,8.630762960682905
63,47.42388171786118,8.63341322060709
11,47.446364317827125,8.633917909571407
7,47.333036699312025,8.63270149720652
11,47.349197232802744,8.635710534893072
38,47.352794541473294,8.63579129759955
51,47.35908982219707,8.635932658654436
26,47.36181521430817,8.633346082602154
8,47.36898238173219,8.636154865160082
18,47.38338522760248,8.635154101652365
5,47.38609688956132,8.633890495043808
18,47.42656593570035,8.634798956793631
105,47.43915619780555,8.635081872198908
64,47.440941080665155,8.636447853452895
38,47.44273968376243,8.63648832846461
36,47.44635060988994,8.635243598493668
7,47.33118316761306,8.637952534128873
24,47.348284176515335,8.637013594730186
27,47.34918350406503,8.637033806024814
25,47.35098215843119,8.637074230666574
17,47.35188148524717,8.637094444013785
89,47.359961668868024,8.638599933361172
7,47.372565933944756,8.637559539940034
169,47.373451504702274,8.638903643271435
4,47.41483374089436,8.638511081015563
50,47.43820191957582,8.640363601722804
34,47.43910122136748,8.640383904032431
46,47.44000052289277,8.640404207030958
32,47.44361149439102,8.639159806964896
14,47.33206874480695,8.63929560043209
48,47.34915600105696,8.63968034623507
59,47.350055327902865,8.639700602868457
16,47.34824289992643,8.640983337037865
54,47.35275330697216,8.639761376883015
96,47.35092708986504,8.642367486965535
38,47.3689411348273,8.640126150629161
58,47.371639098320756,8.640186967873355
32,47.37342395891467,8.641551388313955
146,47.372510843290314,8.642854940635873
52,47.37523637947926,8.64026806714575
0,47.37880607770363,8.642997189269938
38,47.41120896805853,8.641079664694947
53,47.41479241321632,8.64248578594269
34,47.428295802996004,8.641465559233621
72,47.43189301932034,8.641546831882245
113,47.43187922384735,8.642872158233835
69,47.43277852703652,8.642892500516183
0,47.439986740545216,8.641729735672035
23,47.350913284778485,8.64369079932402
50,47.3671011090822,8.644056754466458
45,47.36707344505632,8.646704181180036
0,47.371597712693095,8.644158448264863
14,47.37519499108482,8.644239815704132
5,47.39045570326183,8.647234339356094
76,47.39228200840653,8.644626461651177
55,47.39408063648039,8.644667175706704
68,47.43005298105155,8.645482036788566
41,47.44803899566729,8.645889882092613
24,47.44711199224172,8.6485208928162
29,47.449823745538424,8.647256454208993
4,47.35626772460214,8.647783094484558
31,47.39402521991621,8.649964708751616
0,47.40391764581823,8.650189669617964
4,47.40390375114645,8.65151429720308
18,47.40661557475197,8.650251037140817
32,47.443473129544124,8.652415965364044
8,47.44799741431498,8.649867062626418
34,47.44707032035461,8.652498001955681
17,47.44976821064407,8.65255953670837
85,47.38320565347922,8.652367618255994
75,47.38410496879286,8.652388102176664
94,47.38319173377554,8.653691730081034
0,47.40207729704088,8.654122507843539
50,47.33100317570037,8.655149184375999
0,47.33458653724834,8.6565541348872
24,47.37866727194467,8.656237207152195
0,47.37775399195194,8.657540635963167
103,47.385875742669434,8.655077429193643
11,47.3903443914948,8.657828667648065
7,47.3939556074338,8.656586609460348
4,47.33277391370948,8.657835923791506
0,47.34173919758611,8.66068768287327
27,47.384007210306066,8.661657026824122
5,47.393000333143995,8.661863469386187
0,47.33991250198157,8.663292537258512
0,47.34890574204475,8.663499083981868
0,47.350704387130364,8.663540401716427
7,47.37589935396849,8.662795216443088
0,47.376784629873924,8.664139823388238
7,47.37949661430735,8.66287784930282
71,47.38489249725107,8.663001819589942
10,47.44423254005377,8.665692786335738
0,47.336273021102855,8.667178768381886
13,47.33809980640662,8.664574225047936
41,47.33808574658472,8.665897213094876
8,47.33807167158867,8.667220200441529
0,47.37587126013987,8.665443070603935
114,47.38574963891607,8.666995001593069
160,47.38754826262233,8.667036466170593
6,47.39203072832378,8.66846446763632
72,47.431614221713104,8.668053226928818
113,47.43160012222566,8.66937853933406
8,47.441492391321816,8.669607270472783
4,47.442391686913176,8.669628068446302
17,47.336244826530105,8.669824651706579
59,47.338057581418454,8.668543187087138
68,47.338029355555626,8.6711891582722
72,47.34075555462651,8.668605407388794
48,47.34162665079567,8.671272298625446
44,47.38839113027252,8.672354148424226
53,47.39018975056668,8.67239579609735
8,47.39921109467657,8.669955067032145
15,47.42707538344778,8.671924997605556
26,47.42706123954194,8.67325019592402
62,47.44326273151553,8.672300072235648
37,47.44416202609893,8.67232091643266
0,47.367692780743134,8.673199124365295
34,47.38927629138392,8.673699229733193
0,47.44053653604441,8.674888611743144
37,47.39822071246452,8.394379269676406
138,47.400918768576496,8.394427665845532
65,47.4054155236561,8.39450833706459
245,47.40811357363,8.394556746359735
162,47.40901292310766,8.394572883885596
33,47.427899202388765,8.394911898363265
14,47.384719439879454,8.395461573091449
17,47.39369102277311,8.398271921047982
86,47.400907807496786,8.395752278943153
135,47.40360586076212,8.395800747162717
128,47.403594883937785,8.397125426841539
94,47.40268454145326,8.398433904597054
90,47.40629293434962,8.397173967125957
189,47.40810261108395,8.395881538482916
65,47.407192283974155,8.39719014831781
158,47.408990982452615,8.39722251234729
28,47.409901309415424,8.395913858845734
0,47.41887281050274,8.39872561339949
35,47.42698889196115,8.396221011637497
63,47.428776597427245,8.397578661569112
12,47.43058626577716,8.396285700607738
5,47.43238495111113,8.396318048384614
43,47.39727742737341,8.39966122983789
52,47.398165757882786,8.401001994071565
140,47.40267353442353,8.39975856080126
63,47.40537158450006,8.399807233706643
64,47.40627093401318,8.399823459108458
41,47.40536056172291,8.40113195649397
121,47.4080586089395,8.40118070148953
0,47.40986832949807,8.399888366216672
55,47.42515721418659,8.400164319660501
27,47.4287545878897,8.400229273007639
7,47.45302571744842,8.401993848671694
58,47.39275860891571,8.402228954385842
33,47.3936579616287,8.40224521682727
24,47.39814366969774,8.403651079981191
101,47.3999313041986,8.405008243650775
77,47.40353977189536,8.403748816993716
115,47.40262935436006,8.405057180111113
91,47.40622675099461,8.405122436466616
0,47.42152671241749,8.40407475065767
58,47.425113015647014,8.405465177569141
13,47.44399916510684,8.405808162885952
40,47.44670825381885,8.404531429384022
19,47.3989986612721,8.4089656227835
108,47.408014363659326,8.406479855681948
77,47.42149345173248,8.408050121214233
9,47.42688951032611,8.408148347530293
15,47.442167170121834,8.409752401654648
35,47.4448874109304,8.40715020759396
100,47.44578674802107,8.407166569291666
68,47.39898753343125,8.410290185067737
115,47.398077040507,8.411598324436563
81,47.39987574003218,8.41163116971227
249,47.40796987524425,8.411779001011613
99,47.42416923129849,8.41074961049725
63,47.42506857389499,8.410766026617388
19,47.44305537067298,8.411094465993804
40,47.443954707737255,8.411110893813802
6,47.35667317995882,8.414814026791086
17,47.388150661422166,8.41539059178117
5,47.391770427424845,8.412807765712977
117,47.3971553594607,8.414230934929883
30,47.39986458161803,8.412955753257604
11,47.399853408010316,8.414280336245515
6,47.40973504214672,8.415786345978239
8,47.4124554470157,8.413186045858676
123,47.413343616204294,8.414527418195743
163,47.42054954809013,8.413334148836912
36,47.419639026844564,8.414642766116666
5,47.42504626181459,8.413416447803671
0,47.44571987725573,8.415120927942919
45,47.38092218966215,8.419231080109018
13,47.392624999303564,8.418121819276163
116,47.39623361813645,8.416863454262296
28,47.39532304998043,8.418171413541655
33,47.39621116606777,8.419512437345432
9,47.409723836090855,8.41711117400768
52,47.41150006900467,8.41979395673535
0,47.417817939099656,8.417259866333973
71,47.41961662580833,8.41729291523616
15,47.42141531147723,8.417325966380002
7,47.37730226795205,8.421812943556446
104,47.38001159040519,8.420538622879155
142,47.38628452146967,8.423303096475625
187,47.38808322420838,8.423336329822712
109,47.3907925545009,8.422061828701047
62,47.39168062665715,8.423402803273932
6,47.445652459054735,8.423075266439925
105,47.382664514645946,8.425884943049333
68,47.38447452577734,8.424594063638523
82,47.3889712823094,8.424677257412332
87,47.39076998315641,8.424710538868618
42,47.391669333200646,8.424727180442623
16,47.393456723503704,8.426084886622457
8,47.38263050324181,8.429857398582797
92,47.385351247749114,8.427259140812192
125,47.39073601220777,8.428683599888666
27,47.389825308636965,8.42999122195795
113,47.394344748192,8.427425995401
176,47.39613210526397,8.428783860422406
31,47.39704279338551,8.42747606280472
6,47.398818792622606,8.430158552201608
7,47.429419155361956,8.428077269001273
93,47.453689852094676,8.429854576260292
0,47.3511303053751,8.431919084148785
63,47.378122375144535,8.431097816316727
0,47.37901034582269,8.432438622492201
0,47.37990969800005,8.432455390876944
12,47.386216539682124,8.431248545890828
24,47.387115890041116,8.43126529645857
17,47.38800385630586,8.432606331906864
37,47.388891806747374,8.433947412082407
5,47.39160125344726,8.432673431585213
126,47.39518724598087,8.43406500303729
114,47.39699734155954,8.432774098158426
144,47.39698594062143,8.434098605576997
37,47.40148267276508,8.43418262189235
41,47.418592992227566,8.431851924139426
4,47.41677151408909,8.434468383908802
0,47.42308969535292,8.43193578493418
11,47.43656837135681,8.433512945725356
86,47.45455503511801,8.433849150258586
67,47.453644291507395,8.43515825292114
31,47.33669487142463,8.436943186174636
58,47.33759423435534,8.436960017180443
13,47.35109608616085,8.435889184863951
58,47.3519840084616,8.437229390753933
44,47.35469352172249,8.435956459438541
68,47.35378272586056,8.437263072709179
49,47.35829095337772,8.436023743123807
10,47.387981043051234,8.435254898826948
6,47.40234772101723,8.438173348421204
14,47.41674865822798,8.437118381733967
42,47.419435228850524,8.438494026982001
44,47.42215613641502,8.435894413964322
54,47.421245360136446,8.437202684636066
31,47.43654553748997,8.436163930125119
50,47.43653409775085,8.437489421467863
54,47.439232102375,8.437540039253662
202,47.441030770800346,8.43757378730682
4,47.45091197011086,8.439085291886878
66,47.33578405956168,8.438249341393426
87,47.35287191495663,8.438569641310353
34,47.35556998938342,8.438620233814103
27,47.357368704446415,8.438653965004695
62,47.39333132157167,8.440653483919544
118,47.39872739975041,8.440754962648809
146,47.40053756810789,8.439464199424213
69,47.41222903509751,8.43968386480418
96,47.41131821305434,8.440991826626963
85,47.416725741574076,8.439768377272308
34,47.43741050741686,8.440157319267776
7,47.445493021017946,8.441635310299143
101,47.45539714669934,8.440495776499857
29,47.33663747525058,8.44355822033972
29,47.35463618227453,8.44257372924649
84,47.39330832372985,8.443302312370793
103,47.39690570866188,8.443370141519706
4,47.41040737594064,8.442299743683467
31,47.41130671788555,8.44231668865029
28,47.41308236430296,8.445000392165197
22,47.41670276412751,8.442418370517755
23,47.43468951722188,8.44275745954914
124,47.43827533909083,8.444150838249708
157,47.43917467274002,8.444167823449083
0,47.33662595048918,8.44488122545589
24,47.33752531226884,8.444898190385596
0,47.34470865617619,8.446357135946934
49,47.356400309683785,8.446578082340862
104,47.35910992247333,8.445305520998199
80,47.35909837771639,8.446629083780346
21,47.37257712180737,8.448208066083183
99,47.374387388024076,8.446918189821591
38,47.37437582480104,8.448242131900718
130,47.39328526512193,8.445951138523517
19,47.392374366741606,8.44725852778304
133,47.39508395732513,8.445985141423098
78,47.396859527591765,8.44866814943023
8,47.3995691299388,8.447394727562221
70,47.402255592715605,8.448770447352697
96,47.404965191623,8.447496901635537
35,47.41394703548276,8.448992164243904
32,47.415745715115975,8.449026283209548
28,47.41666818397163,8.446393356073463
85,47.438252261191515,8.446801903086417
41,47.43824069943551,8.448127434638417
28,47.35817588727769,8.44925916188433
35,47.35906365235465,8.45059976866997
101,47.3725539505774,8.450855859105507
68,47.396836345901754,8.451317149921739
26,47.410326485607584,8.451573605038824
59,47.411225826199704,8.451590706683925
28,47.41483478830547,8.45033417153995
15,47.41392384642627,8.451642015098468
15,47.359028790356696,8.454570448358465
28,47.37344169322402,8.452196854421775
42,47.39681310344193,8.453966148095988
85,47.41030323731725,8.454223274504791
100,47.41120257752054,8.454240420914806
136,47.41210191746566,8.454257567906195
21,47.413001257152395,8.454274715478984
55,47.412090270136524,8.455582446533128
29,47.41391222910205,8.452966939656198
26,47.41569927466037,8.454326161686122
10,47.41568762655199,8.45565112985331
15,47.416586965008314,8.455668302139019
0,47.4453889512835,8.45356670767914
0,47.447164316695506,8.456252506562356
4,47.35182229720718,8.455756763956954
20,47.36080418080702,8.457251926523456
58,47.36079249902371,8.45857552877668
100,47.36349055813071,8.458627142072476
15,47.37069705548591,8.457440955123332
19,47.37248407243342,8.458799224266496
20,47.37429445702869,8.457509710257332
11,47.393180749408806,8.4578708276039
29,47.39678980021233,8.456615143946912
84,47.407581907254865,8.456821371617993
68,47.40845787876289,8.459488136328787
112,47.41207860761063,8.456907324577893
103,47.41296626898966,8.458249416764207
53,47.4300419657033,8.45990193217248
146,47.45342455564177,8.460350591345602
0,47.333800096157454,8.459382615813459
50,47.35176382214951,8.462373655484482
64,47.35356253219172,8.46240818611866
50,47.36166844280101,8.461239980065404
47,47.362567795445614,8.461257229180013
61,47.363467147843956,8.461274478878709
30,47.36255606772376,8.462580874365276
94,47.367064554970256,8.461343483515055
39,47.36886325705013,8.461377989338635
4,47.40125144423848,8.460674886942364
14,47.40303840622287,8.46203404438377
126,47.4066474911728,8.460778410547096
79,47.407546831430054,8.460795666528501
106,47.41024485065728,8.46084743798302
41,47.41294286756291,8.460899214703714
91,47.4273087831109,8.463825958276532
31,47.4291309199108,8.461209985668944
38,47.43000678399722,8.463877902755433
45,47.43091785973423,8.46256987341631
115,47.43180544994101,8.463912535344969
19,47.43632558261107,8.461348167014025
212,47.451590705434434,8.464293648981302
144,47.45249003216409,8.464310979090174
45,47.45518801074208,8.464362972946454
49,47.364331270104906,8.465262797016386
95,47.39490907500985,8.465851934741185
53,47.39580841780646,8.465869272597493
71,47.408410958257576,8.464787279879966
25,47.40931029741114,8.464804604173521
5,47.412008313324534,8.464856580578566
0,47.41109720623899,8.466164106088264
52,47.427285253812364,8.466476468012068
83,47.42818458730996,8.466493827044186
37,47.43089435926506,8.465220563509222
109,47.43627857695417,8.46665008483558
6,47.43987589882074,8.466719548059487
93,47.44618297825337,8.465515406329374
4,47.45517624759276,8.465688922756174
0,47.334640772395716,8.466014586380977
0,47.35622532528754,8.466430449379397
135,47.38950123372467,8.467072233957579
93,47.39217566022696,8.469773066269378
59,47.39307500319403,8.469790469463735
51,47.405689389007506,8.467384744503269
68,47.40746445599971,8.470069000808259
4,47.4263741327991,8.467784341157927
67,47.42724984585736,8.470452228197352
135,47.431746507757126,8.470539365216968
59,47.43445632117374,8.469266222525697
79,47.43535565217129,8.469283631074749
38,47.43806544859955,8.468010338062482
18,47.446147603473385,8.469492579743394
18,47.447035108815776,8.470835741676153
104,47.44975671964486,8.468236434674791
34,47.44884558531047,8.469544830206997
0,47.45425335033499,8.468323421475649
39,47.3390903413325,8.471393441995183
11,47.33817914009598,8.472699067025912
42,47.34358712470238,8.471480513396575
0,47.37147888164932,8.470696820619827
12,47.38224735584493,8.47355406835741
27,47.38585658927137,8.472299705427446
25,47.38676777295492,8.470992904647234
16,47.38855462154015,8.4723520385701
60,47.40655328861774,8.471376325478852
54,47.407440783404326,8.472718519586511
37,47.40742892431364,8.474043278088232
4,47.414623621314675,8.474183137600525
5,47.43621947780427,8.473277468850744
9,47.440727975758534,8.47203927184553
110,47.44701141878871,8.47348723130516
23,47.448821924904486,8.472196410674647
105,47.33636856635798,8.473987191441015
84,47.33635669256321,8.475310183163105
54,47.336344803593214,8.476633174293784
4,47.339054763691365,8.475362619817888
264,47.38673220936175,8.474965636583335
187,47.38672032445179,8.476289879377877
113,47.387607767647914,8.477631655408622
129,47.39032958261814,8.47503559656026
290,47.391228925299856,8.475053088036203
183,47.39031769691344,8.476359928807948
261,47.39030579601833,8.477684260462157
77,47.4047071461108,8.476640221506528
77,47.40651771194076,8.475350533846566
22,47.40829259330171,8.47803509753794
59,47.4127892765918,8.478122843978918
191,47.414599854367864,8.4768330109415
114,47.440680479616674,8.477341618874501
33,47.44697576969945,8.477464461296467
16,47.44968564599537,8.476191307005752
40,47.33363482735247,8.477903599590855
38,47.332723550984205,8.479208979703785
39,47.33993032554845,8.478026260121956
0,47.37860240986975,8.478780384225919
94,47.383087204477135,8.480192295939572
103,47.38489782211436,8.47890325258749
115,47.38669650906363,8.478938363186195
197,47.38758392148232,8.48028018275211
0,47.40918001020536,8.479377446522644
94,47.410067411256506,8.480719840268621
142,47.41276541925926,8.480772624213431
266,47.41367669120732,8.479465307851521
116,47.41366475474305,8.480790220054887
74,47.41636275963995,8.480843011159296
89,47.428965358029835,8.479764147827371
40,47.4433426791264,8.481371217751564
5,47.33269966841336,8.481854779271185
90,47.34440324535182,8.480760273684078
151,47.34439129388478,8.4820834633453
99,47.34347997308023,8.483389035430744
53,47.34530259966945,8.48077784660781
65,47.345290648002766,8.482101058595452
44,47.34800066116843,8.480830568947823
0,47.36956114467983,8.483900170064736
11,47.37318246230578,8.481322902424896
165,47.37855460401317,8.48407653980283
215,47.38306329955111,8.482840597295692
192,47.38397460331343,8.48153404544615
45,47.3839626430563,8.48285821818504
125,47.391169343876115,8.481674855157836
17,47.392068685308374,8.481692459055875
10,47.40373615625745,8.484570693088516
62,47.404635493718196,8.484588350094507
137,47.40644614832152,8.483298934541327
40,47.40823284099153,8.484658984104616
41,47.41183018414282,8.484729627694222
39,47.412729519284916,8.484747290088679
8,47.42894146311026,8.482414732926346
5,47.432526812825955,8.483810633699218
98,47.442407432504545,8.485330485292991
12,47.44781537551038,8.484110829389701
60,47.448702710455656,8.4854542773303
76,47.33895922223984,8.485947067929665
26,47.34075793193119,8.485982385813491
39,47.341645274840566,8.487323165952219
51,47.34256863725677,8.484694562865728
16,47.34254462888281,8.487340848712227
0,47.36775046280074,8.485188672485087
186,47.37584458000107,8.48534759294994
34,47.378542614581335,8.485400577205017
70,47.377631265553056,8.486706929637936
140,47.37671990148943,8.488013237363052
128,47.37941793411469,8.488066357538695
126,47.38393867697632,8.485506561870992
24,47.38572535620602,8.486866110546417
271,47.38661267673998,8.488208037737603
119,47.38841135987716,8.488243463788203
206,47.38931070106667,8.488261177713827
64,47.39563011435302,8.485736269243347
168,47.39470674288274,8.488367473874275
305,47.3956060822965,8.48838519200246
137,47.39652945391402,8.485753943233172
26,47.40549879899847,8.488580131053569
77,47.40730949766833,8.487290830386387
25,47.366815063619356,8.489142254620123
63,47.36680301605714,8.490465999078985
288,47.37221114186676,8.489248594873219
193,47.37670786689881,8.48933722826028
71,47.383003271440344,8.489461340225432
0,47.3820918777015,8.490767732571323
154,47.385701298190355,8.489514540078568
257,47.38660063993639,8.48953227456466
87,47.40368808491089,8.489869344013977
38,47.40548675796792,8.489904837637628
72,47.404575365544275,8.49121177413048
7,47.4423472620703,8.491958611766442
51,47.365879528744216,8.49309569788548
257,47.368577567913704,8.493149064616027
79,47.36948899234298,8.491843044437449
122,47.371287683790285,8.491878581779893
140,47.37126351072777,8.494526291155426
75,47.37668375215811,8.491985208252384
8,47.38745168151572,8.494847040390027
196,47.38927454327488,8.49223408765422
65,47.390161800427585,8.493576193745593
19,47.3982679351721,8.492411930954102
28,47.3973444123439,8.495043150132934
37,47.40094176137304,8.495114480895243
98,47.40453910630747,8.49518582132966
33,47.4225499651762,8.49289240910403
49,47.42162643839405,8.495524820546938
16,47.358648427331886,8.49692403604554
8,47.363145164886184,8.49701329461077
89,47.371227137247175,8.498497850691711
208,47.381144179884394,8.496046380995647
86,47.381119911251155,8.498694578503512
211,47.38293073649459,8.497406211907188
121,47.3856287596071,8.497459814229646
60,47.386528100140545,8.497477682881273
47,47.40182898179805,8.496456929162632
39,47.40181685041141,8.497781542622956
135,47.40271618636785,8.497799422178245
63,47.404514857511394,8.497835183107133
219,47.42428802024285,8.499553885857202
18,47.352316532651145,8.500769247901056
4,47.36402022036384,8.49967849515582
140,47.36219717617365,8.50228995456985
83,47.37119062710267,8.502469404777413
40,47.380196240433634,8.501324841499091
88,47.38108339439379,8.502666870218366
11,47.38199492304975,8.50136070628313
93,47.39818302114559,8.501683598733502
90,47.39637215670296,8.502972188868716
94,47.39998169362947,8.501719487832503
105,47.40538988271831,8.500502468587024
56,47.417980542549685,8.500753498192337
155,47.42425147406369,8.503529399536756
75,47.360386285051455,8.50357765384354
28,47.360374071898,8.504901235258949
81,47.36308432379619,8.503631545900399
82,47.36398366955135,8.503649511135963
115,47.36397145558158,8.504973181913622
41,47.37477579929015,8.503865141425216
224,47.37837316790247,8.503937037666502
69,47.40174374302818,8.505729210631142
46,47.40264307776216,8.50574722443255
21,47.41614529369668,8.504692536858958
106,47.41794395505537,8.504728539848541
238,47.42062971830068,8.506107628743148
62,47.35495351959661,8.507440226507963
120,47.35585286695127,8.507458253274411
155,47.35494126212669,8.508763672074107
133,47.36574567163689,8.507656587993866
28,47.367556605344326,8.506368897856982
170,47.36754436019059,8.507692656789718
152,47.368443704095796,8.50771069210379
113,47.366632755904895,8.508998358063762
131,47.36934304775297,8.507728728028672
136,47.369330787005715,8.509052531042137
302,47.371129473165254,8.50908864941901
217,47.378348718243494,8.506585093752285
66,47.37652552566767,8.509197019230934
131,47.383744761191856,8.506693224660072
207,47.38373251235377,8.508017385925994
100,47.39541163822816,8.509576487093028
104,47.39813416461006,8.506981681243879
99,47.39722257689181,8.508288144855742
49,47.40173150528715,8.50705381983313
0,47.40261858667716,8.508396486973584
0,47.40353017408938,8.50708989279581
125,47.41252350266664,8.507270294301161
119,47.41522149620228,8.507324426681116
157,47.415209240193754,8.508649370964298
192,47.417919487402315,8.507378564568164
36,47.42061747626082,8.507432707963273
19,47.420592946584826,8.510082864566423
9,47.43680535990524,8.507757684056957
0,47.33513101184464,8.511012653328597
64,47.35311800743315,8.511374375668742
138,47.354928989476576,8.510087117029213
83,47.35491670164623,8.511410561372529
0,47.36032506746662,8.510195554823216
55,47.36392244787485,8.510267858925491
241,47.369318511074134,8.510376333444
179,47.36930621995833,8.511700135233498
269,47.370205562751806,8.511718238809786
307,47.37109259858542,8.513060188869927
66,47.37921127035785,8.510575260655754
101,47.38009831703001,8.511917418624781
79,47.38099765682684,8.51193552956124
70,47.38370796911258,8.510665706622829
19,47.38368336511814,8.513314024867947
71,47.386381380117186,8.51336843396107
12,47.393600684175055,8.510864741694398
218,47.41698334241339,8.51133548332017
32,47.41788267193773,8.511353597055649
97,47.41695872319223,8.5139854571344
46,47.419681330205584,8.511389826369493
274,47.422354693959996,8.51409441742862
71,47.42326634015972,8.512787436309184
174,47.42506499488302,8.512823717781504
17,47.33420704778748,8.513640433508437
141,47.33419471915392,8.514963362524428
91,47.33599342230626,8.51499965642428
53,47.33508172683604,8.51630445988653
8,47.338679130394475,8.516377141875163
42,47.357577784705505,8.515435374892638
32,47.36206215897762,8.51684981472534
31,47.36567188432175,8.51559886060769
169,47.36476019008602,8.516904380678215
89,47.367470570409395,8.515635197533351
334,47.38004899083296,8.517213692486788
56,47.38816772971132,8.514728979765653
303,47.38725605154865,8.516035066221654
161,47.390841041874616,8.517432137507265
18,47.39266441276078,8.514819791846582
54,47.39355140637214,8.516162359684088
183,47.39445074176021,8.516180546929558
29,47.398935056210696,8.517596029575977
116,47.41513538500112,8.516599023770969
37,47.415123022612235,8.517923963749594
65,47.41694639078513,8.515310443118242
0,47.44930971085504,8.51729113584892
7,47.33776742005775,8.517681987516116
178,47.340453094699534,8.51905965398959
99,47.35665372596582,8.518064185389607
115,47.35935176088639,8.518118807268438
84,47.366546509839075,8.518264492740864
167,47.37013149595077,8.519661170724998
64,47.38813066114462,8.518701786079756
94,47.39081628268659,8.520080807378735
94,47.39621229205255,8.520190331603503
30,47.411500935255724,8.52050077122856
118,47.42499085250024,8.52077483718189
168,47.33504460374686,8.520273308352365
104,47.33862959928448,8.521669295700415
12,47.341315225605065,8.523047185386117
21,47.34401327046841,8.523102043727805
0,47.35842764150043,8.520747658740264
225,47.364723046526535,8.520875439810814
245,47.364710634974294,8.522199124952886
336,47.36652173145511,8.520911954251677
117,47.367396234015445,8.523577716125617
188,47.36919491662709,8.523614323657931
91,47.37281712089183,8.521039774273198
86,47.374615801348384,8.521076299845822
39,47.378188314749295,8.523797398520845
196,47.37910008324546,8.522491667320844
189,47.37999942164029,8.52250995648362
88,47.38539544673056,8.522619704473158
28,47.390803880307196,8.521405141387065
201,47.38899279174741,8.522692882195386
140,47.39347703393649,8.524108768162874
127,47.395275701971165,8.524145411679129
140,47.39619988842895,8.521514799811644
72,47.39798613653496,8.522875869903302
56,47.39888546961263,8.522894172085266
46,47.40876567962912,8.52442031724486
107,47.41328718670244,8.521862198655809
7,47.42315492511432,8.524713703986551
17,47.424953576109864,8.524750388523872
4,47.43754410363274,8.525007249983652
15,47.444751112740704,8.523828406757392
5,47.448335943030955,8.525227514081996
35,47.45104634357243,8.523956761244639
29,47.4537318482945,8.525337679774927
5,47.45553048123193,8.525374406658763
206,47.33679359321118,8.52560174988376
239,47.33498242844164,8.526888043444329
261,47.33769294253049,8.52562007692355
92,47.33857982536641,8.526961439638466
57,47.341302789090165,8.524370288645276
67,47.34220213741203,8.524388596463329
83,47.343975913523124,8.52707155255948
53,47.34578707554883,8.52578504819402
96,47.34487526070286,8.527089906886925
63,47.34667395433493,8.527126617405512
140,47.35117068416132,8.527218404575258
133,47.35207002939561,8.527236763873486
12,47.36288708164957,8.524809847361912
31,47.367371333748416,8.526225217372266
84,47.36917001552788,8.526261914285804
208,47.37095622257124,8.527622452760783
213,47.37277983507913,8.525011431176617
211,47.37367917480902,8.525029760702198
195,47.37637719250093,8.525084753004261
15,47.382647620632426,8.52786135004827
151,47.38357189532462,8.525231426468492
261,47.385358106625866,8.526592298401448
164,47.38354695718924,8.527879731120848
43,47.388056113895104,8.526647382010859
36,47.38894297123259,8.527990030635872
357,47.39345212159673,8.526757566030017
288,47.39343964264038,8.528081964030344
101,47.3961625864077,8.525488200716087
92,47.397036975190005,8.528155521962814
56,47.397936307689946,8.528173913004137
58,47.40785389767807,8.525726743063766
68,47.41145121547861,8.525800161861525
100,47.41233807613952,8.527143386603047
61,47.4150485291395,8.525873590617369
20,47.4168347152275,8.52723528913808
9,47.44292756809573,8.52644300137171
28,47.44290260241672,8.52909426060173
0,47.44651236886021,8.527842236925883
99,47.44560055919121,8.52914953111324
154,47.44649987758208,8.529167955867587
80,47.447424163473784,8.526534897915997
67,47.451895782305336,8.52927851752652
22,47.45369441506604,8.529315376416703
33,47.336768646383575,8.528247730094547
165,47.33675615020736,8.529570719267838
124,47.341265388488026,8.52833959470231
124,47.34035354353828,8.529644298991464
71,47.36105098164059,8.528743983721645
13,47.361950323968166,8.528762372198015
28,47.36374900788329,8.528799151018783
104,47.37993711843806,8.529130272532928
306,47.38533313727947,8.529240691244446
205,47.39251530579923,8.530712325503575
185,47.39522581485971,8.529443183861593
128,47.402407958687355,8.530915119095964
202,47.41589788981407,8.531191777707406
117,47.45188327456527,8.530604370323848
88,47.45007211862028,8.53189327644686
10,47.333146242514076,8.530820048784905
110,47.334944941165176,8.530856877055632
116,47.335831763814,8.532198257735056
45,47.33764298734124,8.53091212413499
67,47.34124037887229,8.530985795632422
123,47.34481269454319,8.533705854131457
133,47.349334495665126,8.53115159297078
157,47.34932196620956,8.532474893433644
79,47.352032530220406,8.531206869974977
42,47.35473056257787,8.531262152593177
0,47.35651671846204,8.532622489912217
54,47.360126620675715,8.531372734675491
64,47.361925304741185,8.531409600362043
142,47.36369890702702,8.53409378357482
39,47.36639692853463,8.534149224586303
54,47.37628965494109,8.534352556494602
51,47.379887002508376,8.534426514155923
128,47.38259756294095,8.533157862443005
13,47.385308107178545,8.531889081593025
45,47.38439623412918,8.53319480407518
61,47.38889290768321,8.53328716910847
177,47.39067902105249,8.534648447285162
98,47.39337701999516,8.53470394466921
205,47.40059677062174,8.53220281699321
159,47.41046429322404,8.53505555917723
74,47.415885360047874,8.532516733231523
0,47.43656980247124,8.532941731593555
0,47.447336510177145,8.535815078618404
39,47.45454360632115,8.534637483230995
85,47.332209270867935,8.534770262743807
37,47.33579409381579,8.53616715081707
48,47.34119017752694,8.536278190006472
4,47.34117758925026,8.53760128703596
26,47.34390078985476,8.535010553430398
17,47.367283704531914,8.535491452122708
12,47.368170464677604,8.536833724347632
11,47.36998172243545,8.535546967681102
141,47.3852452661259,8.538510046511602
25,47.386157199046856,8.537204394242773
150,47.3888426011002,8.538584297564697
142,47.391553199734254,8.53731564419654
177,47.39243993202196,8.538658558682638
161,47.393339264117564,8.538677125535028
123,47.39783592077529,8.538769969236258
138,47.39964718360973,8.537482561546996
69,47.402345173636256,8.537538211979705
64,47.404156420189366,8.536250653341162
4,47.40323190033108,8.53888140244895
46,47.405955078317426,8.536287714537343
52,47.4077537354156,8.536324778246449
118,47.407741146755505,8.537649529824874
151,47.4131245054703,8.539085755549088
20,47.421243630647645,8.536602836193683
268,47.42304227892088,8.53663992127444
88,47.4275388950213,8.536732644983168
209,47.42931233699312,8.539420315994091
22,47.449109962025766,8.538503719580202
0,47.4508959794757,8.539866714497435
74,47.332158895822886,8.540061756866447
25,47.33214626412775,8.541384628828325
6,47.339366293032555,8.538887278584081
0,47.36814526031893,8.539481257795515
36,47.3699313120333,8.540842213340946
47,47.372616683976915,8.542221879596246
17,47.382522020769194,8.54110261224689
134,47.38342135522653,8.541121216894892
64,47.386131986261596,8.539852821791133
8,47.38701869053388,8.541195641790758
107,47.38971668936021,8.541251467082727
138,47.39512531144931,8.540038698225805
272,47.3933140175784,8.54132590963399
134,47.39330137152261,8.54265030073772
158,47.40140799116543,8.54149344227687
11,47.407703289606026,8.541623780782746
52,47.40860261692473,8.54164240309436
151,47.41221255891704,8.540392037065374
17,47.41040127078743,8.541679649611746
133,47.41670918750771,8.54048505880604
85,47.41848254836531,8.543172307851385
146,47.42210513322985,8.540596705716466
58,47.421193172180324,8.541903181768003
11,47.42207984277839,8.543246920759792
117,47.42300445660307,8.540615315743741
6,47.42477781084352,8.54330288708416
123,47.426576454910006,8.543340201130988
121,47.42747577654952,8.543358859103689
187,47.43017373989037,8.54341483681936
135,47.43107306047736,8.543433497323903
15,47.43377102065545,8.543489482635993
0,47.43556965945288,8.543526809343138
120,47.36989334479772,8.544813640975576
187,47.37260402759713,8.543545755850428
161,47.37169201920327,8.544850967341855
266,47.373490692612386,8.544888296236707
27,47.37618870085373,8.544944294320699
214,47.38699338619297,8.543844110279341
76,47.38879205148436,8.543881415956054
134,47.390578039961,8.545243046906522
150,47.404067986392306,8.545523274605554
55,47.40857730242736,8.544291945334596
161,47.41397325837032,8.544403961038842
243,47.41485990192798,8.545747559380398
41,47.42834974371018,8.546028043722885
295,47.43014838482594,8.546065452418345
97,47.36355987712018,8.548653971332879
56,47.365358553726274,8.548691422901541
5,47.368056566777916,8.548747605010796
146,47.38247135556631,8.54639909951999
73,47.38874125883668,8.549178524234062
93,47.389640590253386,8.549197267470586
0,47.39683523244024,8.549347236231315
110,47.40224392749984,8.548135127854364
169,47.401331875516156,8.549440987357569
109,47.40313053095305,8.549478492257222
124,47.4040298582863,8.549497245660593
41,47.40585394696312,8.5468853514694
131,47.40582851218134,8.549534754374587
186,47.40672783874265,8.54955350968529
89,47.41123719394356,8.548322460369713
26,47.41482176616924,8.549722336099409
65,47.41662041385704,8.549759860077412
18,47.41841906050412,8.549797386600451
53,47.420243147697875,8.54718479652135
118,47.420230434502436,8.54850985641291
36,47.424727045006144,8.548603578268995
145,47.3581256091331,8.552512176774174
130,47.35992428742222,8.552549754756921
153,47.36444648515749,8.54999636878456
74,47.366219653664245,8.552681297738879
107,47.37970968319168,8.552963280589841
151,47.38153386396904,8.55035269781436
78,47.381521114349226,8.551676793790275
147,47.38331978011987,8.551714360165318
112,47.38330701488592,8.553038500218237
28,47.387803673831186,8.553132539090214
52,47.38961510236676,8.551845862526742
42,47.39051443310375,8.551864651124742
157,47.404916445393255,8.550840677822883
79,47.403991593436494,8.553471210993948
59,47.40670234275745,8.552202954800828
172,47.40938754818975,8.553584147555044
51,47.410299644717426,8.552278161432163
83,47.42017942973745,8.553810089615073
0,47.430971273688996,8.55403612364566
179,47.35450268724818,8.555083876538843
155,47.35898657888876,8.556501571662409
102,47.362609527498016,8.553929751898691
309,47.364382605472194,8.556614719168335
205,47.365281942371396,8.556633579321073
117,47.36708061542666,8.55667130154267
117,47.36889209486177,8.555385245800316
132,47.37069076635864,8.555422928440436
27,47.3716028945635,8.554117922521481
54,47.3724894368597,8.555460613633198
127,47.37338877173625,8.555479457186909
79,47.37337596329385,8.55680334944141
16,47.374275297706674,8.55682221598276
99,47.375174631869626,8.556841083163171
174,47.3805834417435,8.555630228597497
181,47.3814955695474,8.554324983832348
63,47.3814699639962,8.556973171323024
7,47.38508010233508,8.55572448148137
108,47.403079481619564,8.554777021928695
132,47.40396600756805,8.55612051802736
78,47.40665116845326,8.557501837377393
115,47.40936195975387,8.556233723113362
0,47.41207273481858,8.554965479691502
279,47.41385857947002,8.556328078277991
27,47.412946438176775,8.557634082308482
180,47.41474508433847,8.557671872339922
158,47.41835519269734,8.556422449441172
0,47.43095848193426,8.555361449067767
14,47.43003353457965,8.557993191116488
40,47.357162246667535,8.559110839209733
0,47.36075959896647,8.559186441912962
47,47.36165893642532,8.55920534418873
126,47.36255827363745,8.559224247104554
138,47.367067793299285,8.55799503673403
124,47.367967129240625,8.558013921146994
114,47.36976580037818,8.558051691891642
127,47.377859808158185,8.558221691908859
89,47.37875914110522,8.55824058399902
59,47.38234362942291,8.559640273262769
26,47.38415513350943,8.558353949981448
136,47.40483968650437,8.558788733168132
0,47.41293360511233,8.558958958010967
194,47.41471940215424,8.56032171263561
208,47.42102750271312,8.559129234809038
305,47.42011533181985,8.560435366741665
0,47.43271865072354,8.559375281962563
0,47.43450443150795,8.560738557456217
41,47.34902959951084,8.562910630208432
18,47.353539176712374,8.561682043789897
9,47.35714939653576,8.56043432738768
70,47.35982166338973,8.56313820391562
59,47.362545422217366,8.560547869307669
237,47.366142767734644,8.560623576737541
88,47.3706394440521,8.56071822544767
109,47.368815022872504,8.56332791931667
71,47.37333744685646,8.560775022367698
61,47.373324577674,8.56209891206154
18,47.377834113201104,8.560869696727542
36,47.37600969257279,8.56347973790476
25,47.378733445718645,8.560888633523817
46,47.38050635300692,8.563574645416148
131,47.38143144176454,8.560945447761922
13,47.41110924748514,8.561570785733151
127,47.412008570569554,8.561589746290583
105,47.41289501474183,8.562933581266858
30,47.41830382489226,8.561722488195976
303,47.42010246664157,8.561760420242578
271,47.42369974700494,8.561836292054949
79,47.428170561730006,8.564581654417989
186,47.43086851401481,8.564638709063034
60,47.43446578003376,8.564714790956168
0,47.43896235660062,8.564809907843411
0,47.34179614917588,8.566728283820957
139,47.34809153317488,8.566861456797442
194,47.36070810391533,8.564480748165403
195,47.36068226530138,8.567127897436366
119,47.361607440513836,8.564499739795597
71,47.364292536248136,8.565880382860797
15,47.367876947711814,8.5672802059446
12,47.37057494952381,8.567337332274318
47,47.37328587901682,8.566070577287691
11,47.37507161422695,8.56743255572375
66,47.37598387698866,8.566127648178414
14,47.37778254105188,8.566165698661024
36,47.37597094641805,8.56745160234896
24,47.37959412036039,8.564879707496658
113,47.40654809051296,8.568099571742579
118,47.40744741381053,8.568118640971935
54,47.42276173864118,8.565792681281307
168,47.42633314310335,8.568519244189662
72,47.42723246067225,8.568538327650884
118,47.42904403835529,8.567251222319266
169,47.43175491733475,8.565983071247791
76,47.42994335535126,8.567270285326531
29,47.43894944129089,8.566135429731501
0,47.333663214317276,8.570525817441078
11,47.33998452874493,8.568013300287184
53,47.339958609003666,8.570659418540187
0,47.348052670484414,8.570831237893106
0,47.34897793350539,8.56820376742233
62,47.35076365666031,8.569565195937292
4,47.35707197695654,8.56837524297568
110,47.36066932322229,8.568451471105387
63,47.363354372423075,8.569832289019518
8,47.366964669684535,8.568584895178434
15,47.36966267159334,8.568642086606932
24,47.37056200506558,8.56866115170776
4,47.36964971216754,8.569965883048681
94,47.3732600039873,8.568718350884756
9,47.37775666385999,8.568813695763707
5,47.37774370248474,8.570137693346387
5,47.37683139488308,8.571442575310584
16,47.37773072592334,8.571461690282279
19,47.37865599508302,8.568832766677428
144,47.407434460476765,8.569443377243486
0,47.407408508225615,8.572092847844026
69,47.41371674475776,8.570901928898667
170,47.41461606555089,8.570921048067365
172,47.4263201852188,8.569844450554802
16,47.426294223850014,8.572494861340141
47,47.43351471666106,8.56999731554341
59,47.432589436744685,8.572628929480054
136,47.436212661594,8.570054650611027
100,47.440696254618445,8.571475786134775
20,47.33813394643655,8.573267269958295
17,47.33904628521144,8.571963366569035
24,47.340844967286614,8.57200158747392
46,47.340831969260115,8.573324667306037
33,47.35791939636488,8.573688319213645
58,47.35971806776304,8.573726611970093
10,47.36242907625056,8.57246044020657
11,47.365127079927326,8.572517823017664
0,47.381302047154634,8.574186327403806
72,47.40289889458401,8.573321794979282
127,47.40558385051465,8.574703954271111
84,47.424482586177355,8.573781721637733
17,47.43437506118273,8.573992646499722
64,47.43256341152865,8.575279651209764
52,47.44155654596929,8.575471680410855
36,47.44696543755131,8.574261210199
23,47.33720856517246,8.575894117967097
4,47.33810790616129,8.575913293758665
8,47.340805927680066,8.575970825026978
66,47.3426176362971,8.574686059270638
71,47.34441631556731,8.574724374644004
50,47.34528958072959,8.577389912957733
59,47.348000641075025,8.576124270302232
74,47.34618891932233,8.57740911691617
51,47.353396665897876,8.576239381529222
16,47.35248428265198,8.577543562827445
0,47.35610770708457,8.57497348780507
0,47.35789334651797,8.576335325413993
12,47.361490686587565,8.576412092216879
13,47.37229571903885,8.575318594783042
54,47.40287285334323,8.575971037931078
58,47.40375913273911,8.577314881692157
100,47.406444040136144,8.578697264733576
126,47.40826878762572,8.576086253019275
80,47.41005438516679,8.577449462768673
40,47.42714143476013,8.577814915326563
34,47.42532973834029,8.579101614965742
69,47.4289400660631,8.577853397718041
61,47.42892700112382,8.579178666713586
57,47.430738696312325,8.577891882720426
71,47.431638011041265,8.577911126200807
19,47.442416698907834,8.579467703909767
59,47.4451407538313,8.576874183879625
58,47.44604006452686,8.576893415400534
79,47.45051048881788,8.579641196857455
135,47.45322148480253,8.578373165669703
193,47.45410772180057,8.579718321846952
25,47.33535762244118,8.581147540325702
36,47.33808180518632,8.578559314963393
37,47.33806873193643,8.579882324590503
45,47.33988048556841,8.578597757771867
39,47.3416660908609,8.579959302090797
45,47.3443771822921,8.578693876177375
17,47.34435101755853,8.581340207280792
90,47.35605548769162,8.58026731632831
86,47.3578541578938,8.580305829839576
56,47.35604239489348,8.581590771831177
46,47.356941729898665,8.58161005059511
42,47.35876657089968,8.579001564413177
0,47.367759906827715,8.579193954218232
5,47.374928378092086,8.581995762996376
163,47.403719910693326,8.581288806400442
25,47.40461923258633,8.581308097436668
108,47.405518554221814,8.581327389126878
18,47.41091447861518,8.581443153003805
41,47.42441734294176,8.580407510036988
9,47.423504932519464,8.581713360325152
20,47.42349182329449,8.58303849299995
84,47.45229602001544,8.581005608921384
63,47.452282918976124,8.58233145914428
0,47.339841218982556,8.582566918616203
13,47.34613658810703,8.582701957720325
4,47.34703592558252,8.582721251632712
19,47.34883459980316,8.582759841416717
85,47.35512995188356,8.582894926236627
75,47.35962662458451,8.582991434995094
61,47.39828461910278,8.585146590046401
0,47.41267375264033,8.585456336352669
11,47.416284163544866,8.584208846924941
52,47.420780750083395,8.584305578312687
34,47.44776013107485,8.584886311301553
96,47.45045805600158,8.58494441712112
6,47.45225667127602,8.584983157621313
65,47.452243524615305,8.58630900587393
0,47.35778853991102,8.58692332416532
77,47.35687603711137,8.588227429974857
122,47.36049969469616,8.585657869803677
54,47.358687873546806,8.586942693577532
220,47.40275491569694,8.587892598908477
183,47.40636536419644,8.586645507091415
161,47.40635219836036,8.587970211855666
41,47.41174811461206,8.588086651012624
108,47.41625787261858,8.586858750792356
76,47.41624470436001,8.588183701740174
18,47.415332203695414,8.589489218183754
8,47.42165377304243,8.586975099068022
29,47.420728103040105,8.589605831145755
104,47.4441365895209,8.587460138517404
214,47.44772064877567,8.588863517888432
70,47.45220399339057,8.59028654667906
114,47.393708888150755,8.592996172282705
80,47.39731940194031,8.591749638391839
57,47.396406855575385,8.593054629678576
118,47.39910482069989,8.593113093018573
184,47.40000414189591,8.593132582119667
41,47.40181600902491,8.59184697204594
35,47.400903462835466,8.59315207188137
59,47.405426501267456,8.59060017043496
178,47.41170852196638,8.59206116416558
70,47.41169529402662,8.59338600056354
92,47.4144196880153,8.59079468985997
60,47.41530579163572,8.592139072016973
0,47.42160100353103,8.592275436187869
144,47.44409701863599,8.591437072234593
0,47.44858033687764,8.59286022095665
118,47.45039217283258,8.59157342765253
76,47.45307686911478,8.592957742975456
122,47.45216432530227,8.594264081539135
10,47.453962936408374,8.594303138487945
85,47.343306690395316,8.595875466367602
47,47.34870270275725,8.595992567403771
82,47.3496020372986,8.596012086555342
50,47.36039403269049,8.596246367922395
12,47.363092026001254,8.596304953138436
44,47.36399135661028,8.596324482866349
23,47.38200443371351,8.594067023155755
35,47.381977916491714,8.596715216358723
38,47.3829037595189,8.594086522068393
28,47.384702410372675,8.594125521875633
6,47.38917251231259,8.59687158389547
45,47.40538682209371,8.594574209692267
51,47.409870157497885,8.595996587133408
86,47.409856884415454,8.597321376786402
47,47.413480685359964,8.594749878430385
102,47.41796400709854,8.596172487096993
35,47.41974936195437,8.597536619135672
178,47.42064867653069,8.5975561906036
64,47.42246058108951,8.596270232498616
0,47.44943988652859,8.596857053199697
36,47.34597813745915,8.598580417248826
73,47.35048809796983,8.597354920001303
32,47.35587080714743,8.598795633698721
5,47.37926665816826,8.597980618004353
19,47.38016598406388,8.598000181995895
49,47.381065309707964,8.598019746650234
48,47.38105201335145,8.599343819241078
73,47.38195133852138,8.59936340691322
45,47.38285066343921,8.59938299524899
7,47.40083710852078,8.599774901386251
78,47.41162892639456,8.600010172621472
61,47.41252824287012,8.600029782878694
64,47.41792413626476,8.6001474583872
131,47.42063538558579,8.598881248194461
67,47.420622079442865,8.60020630512079
49,47.423333327077586,8.598940033748413
32,47.34235417657331,8.601148398686187
77,47.34683751747567,8.602569646081642
72,47.349535518497625,8.602628536458488
0,47.35133418462521,8.60266780003221
78,47.3558575018313,8.600119079995167
115,47.360340837341894,8.601540601137266
71,47.36125348963497,8.600236638584787
38,47.38193802675552,8.600687501195397
59,47.40442106794045,8.6011779678986
31,47.40529370557331,8.603846944767877
30,47.408904323328386,8.602600875738245
28,47.409816973998076,8.60129574176248
35,47.410702956683984,8.602640182443459
42,47.40979029107827,8.603945315086532
50,47.412501589002915,8.602679491814202
36,47.41340090477312,8.602699147499248
41,47.418796793930476,8.602817095607344
25,47.41878344264011,8.604142105761376
19,47.41969610787734,8.602836755958695
56,47.4223940481489,8.602895741013521
13,47.331522098956164,8.604881729362248
0,47.34769675931701,8.60655900355358
51,47.349522169203574,8.603951824448604
77,47.37737461844795,8.607209360300578
10,47.38009935152678,8.60462042653594
0,47.39898511347268,8.605033771502963
65,47.3989717367101,8.606358288007689
0,47.4034683289959,8.606456858700517
7,47.404354253383495,8.60780122491124
121,47.40887761046542,8.605250402972192
25,47.40885083682372,8.607899927534849
48,47.411548783784724,8.607959157140776
9,47.42415257019838,8.606910499170553
0,47.42506526515523,8.605605065156197
6,47.42683710562354,8.60829490541275
7,47.33149533342098,8.607527409200573
18,47.33148192789416,8.608850248119976
34,47.342287363142546,8.607763942310537
0,47.37556256670029,8.608493857864312
41,47.39354902109899,8.608888787822568
165,47.394421483533414,8.61155734599735
29,47.42412575854444,8.609560783460791
75,47.42502506980037,8.609580559769189
83,47.42499819690103,8.612230886158446
9,47.33325374400562,8.611535473351596
13,47.3341530799871,8.611555249053286
50,47.387213469742406,8.612723201161469
108,47.39169660690948,8.614146621025442
139,47.39529388405128,8.614225991621488
9,47.399803942867635,8.613000685144986
0,47.410595736973875,8.613238633384649
0,47.4123808944138,8.614603148946529
91,47.41507883488841,8.614662722314737
36,47.41958887023184,8.61343699755115
86,47.41957539713665,8.614762024730384
85,47.424085427071375,8.613536204863543
19,47.423172642230845,8.614841478787486
130,47.42407195284919,8.61486134398606
45,47.42497126320498,8.614881209858432
48,47.42766919269497,8.614940811518716
26,47.42856850199846,8.614960680086668
4,47.334998516910694,8.61686672608543
27,47.33772350109635,8.61428034412421
19,47.33862283542376,8.614300167808457
10,47.34761616537502,8.614498441553765
0,47.34580401633415,8.615781974107168
8,47.34850201136344,8.615841532267703
19,47.363777103524285,8.617502781427893
0,47.38267642298075,8.61659645949937
52,47.38898516575333,8.615411365934174
84,47.389884485958945,8.615431227918775
118,47.39256894833258,8.61681517248332
36,47.394367586001536,8.616854947240137
82,47.396179720269565,8.615570280659076
70,47.39887767400019,8.61562988478998
38,47.399763492875074,8.616974287688361
84,47.401548612282454,8.618338650806455
39,47.40426007488227,8.617073756603581
0,47.407857335850856,8.617153343875668
5,47.41236740792571,8.615927996382677
90,47.422246338212304,8.617471800926607
0,47.442044615854776,8.616584375917967
57,47.44293041132176,8.617929885822244
187,47.44291688675155,8.619255493287751
4,47.33317280744041,8.619472752536307
45,47.333159264906655,8.620795630047123
33,47.33407214207025,8.619492662124275
91,47.33497147645958,8.61951257238591
0,47.336756601077354,8.620875361702652
20,47.362864256857186,8.618806509895329
34,47.361951395213,8.620110193685047
45,47.36376358366017,8.618826419395813
6,47.38624667263521,8.619324376126285
118,47.388944632741946,8.619384159279598
27,47.39344122783777,8.619483811375007
0,47.39703849932474,8.619563545210061
39,47.400622222391306,8.620967843708682
0,47.41591055894182,8.621307259525365
10,47.41772273047109,8.62002222462969
40,47.41950780369645,8.621387150507331
239,47.428500897249485,8.621586925385493
70,47.440178309914764,8.623172272279747
92,47.44377552524862,8.62325232609149
95,47.44560125783508,8.620641011084464
52,47.445587702175885,8.621966684417767
42,47.44650056091895,8.620660982776009
51,47.447386307621855,8.622006673297374
43,47.44917134022194,8.62337242718651
6,47.45189637378497,8.620780827160829
28,47.334045041376974,8.62213846109996
5,47.334031468270226,8.623461359575414
0,47.34393770140413,8.622358002050884
70,47.35651473829108,8.62396099262016
78,47.357414065916366,8.623980986737763
77,47.36012562699745,8.622717427237726
55,47.36011204731381,8.624040973152443
18,47.36101137395272,8.624060969978096
11,47.36281002648894,8.624100965660775
5,47.367320234991894,8.62287724208848
16,47.39519918962053,8.62349693384039
78,47.40149440369027,8.623636954348122
23,47.423077898692206,8.624117277006127
0,47.439265420936856,8.624477775659058
133,47.44284903583781,8.62588352044656
28,47.44824484968899,8.626003886367588
15,47.33491721347317,8.624804256896315
76,47.35560181669104,8.625264432744526
68,47.35737323782767,8.627951419399327
38,47.35829979888533,8.625324482098653
26,47.3663937321339,8.625504666763764
33,47.369078093099304,8.62688850848458
43,47.3690644655965,8.628212275766927
16,47.3897488420415,8.628674072343609
36,47.39244679432897,8.628734333214517
74,47.400567893168045,8.626266052347741
14,47.404165151910576,8.626346255247705
103,47.407735147118,8.629075927243978
0,47.41225896898177,8.626526751542439
6,47.41405759214618,8.626566869310416
125,47.41675552494102,8.626627051063943
17,47.419426190049236,8.629337279077212
4,47.43294307220353,8.626988270201732
77,47.440123879875145,8.628474418350013
50,47.44102318319808,8.62849452040135
37,47.44460674715957,8.629900582271192
22,47.44730465163068,8.629960967931789
10,47.33397702410942,8.628752946710325
26,47.355560944428255,8.629234729370847
0,47.376245401892206,8.629696805232237
4,47.37533242092824,8.631000629839349
45,47.39243314571249,8.630058681013164
21,47.41939886392029,8.631987316486331
38,47.422996097201676,8.632067934719554
60,47.42478102503442,8.63343339994841
31,47.43919727050267,8.631105341119545
47,47.44278080482109,8.632511530587811
87,47.44639168808635,8.631266529671377
0,47.44819028980529,8.63130683364755
7,47.33302300504725,8.634024367939514
6,47.34742598802747,8.633023702632618
25,47.3500965603375,8.63573072454449
50,47.35819049711796,8.635912462166832
114,47.361801512721165,8.634669667752897
52,47.369881703835475,8.636175069856352
86,47.37168034729363,8.636215481301873
116,47.37437831060634,8.636276103603203
6,47.38608318178994,8.635214683586725
34,47.394190740479836,8.634072076548508
68,47.416673550668115,8.634576760352903
26,47.41576052603047,8.63588149155855
48,47.422069400981336,8.634697948135104
43,47.43735759211604,8.635041447484644
21,47.44004177871613,8.636427616977107
59,47.44272594633484,8.637813926384322
0,47.44452454790314,8.63785444895636
10,47.45354500481181,8.635405368704058
12,47.35366639308055,8.638458254852829
49,47.35456571893119,8.638478492584083
4,47.368968647947,8.637478627668392
59,47.37436457544397,8.637600000186831
0,47.39413581000192,8.639369631622838
45,47.41481998019773,8.639835983346012
5,47.43012195610817,8.638855628992395
8,47.431021260518094,8.638875902708206
13,47.43192056466359,8.638896177111798
0,47.432819868544456,8.638916452203214
15,47.43190679959243,8.640221504841312
26,47.4409135915261,8.639098958984555
4,47.33116941311571,8.639275357504486
54,47.351853980860675,8.639741118192388
24,47.35452439197791,8.642448701738715
71,47.35994790701649,8.639923471101115
50,47.371625318295365,8.641510795358197
30,47.39500756773721,8.642038718374227
0,47.42379927665698,8.641363983929107
0,47.42558409412477,8.642729781577986
21,47.43099371563572,8.641526512686177
52,47.42918131269279,8.642811135527241
34,47.430080616675305,8.642831475739403
65,47.430966109950816,8.64417711990694
63,47.4471535272826,8.644543777432292
59,47.3508994645139,8.645014110994486
27,47.35449676478064,8.645095504405969
28,47.35540991065262,8.643792431159863
5,47.36887208632403,8.646744946003322
10,47.38237570746599,8.645726677284244
0,47.385972972852656,8.645808167232627
54,47.409341247907655,8.64766288515469
57,47.41296616923308,8.645094839970142
30,47.41386547747207,8.645115212530664
4,47.414750948773964,8.64646048466575
57,47.44712585246051,8.647195188381042
18,47.44983759124725,8.645930681849281
24,47.449809884623676,8.648582225875519
0,47.33375681974255,8.649919186134353
4,47.342750100107736,8.650123452203108
0,47.34997245323409,8.647640340981875
4,47.381448688689545,8.648354446987938
82,47.38501818883502,8.651084429560251
78,47.393139783627646,8.64861990206276
52,47.39492453264356,8.649985156273837
0,47.40483083543203,8.648885474113762
53,47.4075148838797,8.650271494368772
23,47.41202530720078,8.649048961248523
111,47.44438633278469,8.651110838340697
5,47.44886891414979,8.652539024427968
26,47.450667506869245,8.652580049685005
0,47.34362162304153,8.652790141157539
19,47.37960838969861,8.652285689512867
34,47.44525780491221,8.65378263910632
41,47.33101711226616,8.653826369268657
52,47.331888552644436,8.656492531771734
4,47.34001039290674,8.654031284057673
0,47.34268047802559,8.656738981759462
26,47.37956658782155,8.656257754658684
13,47.379552623490554,8.657581774982752
43,47.38494851205204,8.657705208767508
29,47.39037231057085,8.655180089744016
0,47.44071946477212,8.657656620284701
5,47.447028511621696,8.656475104830202
27,47.45059774495216,8.659208999197066
0,47.35432972656665,8.66097626232778
17,47.37681269380189,8.66149192312865
15,47.377740012902336,8.658864610887775
55,47.37862533409496,8.660209198978025
55,47.3840352172384,8.659008766124462
84,47.382222593285526,8.660291661414512
35,47.383121907452114,8.660312278769778
0,47.383107896626605,8.661636386414937
221,47.387618474487475,8.660415376024998
23,47.341711151939684,8.663333841011005
6,47.343509800926846,8.663375147559263
4,47.34440912505576,8.663395801881904
46,47.38307982941474,8.664284599606605
10,47.34169710635366,8.66465691903184
38,47.34078372120407,8.665959299487874
37,47.383951014195496,8.66695353982533
90,47.38393692720004,8.66827766632161
82,47.386634863194146,8.66833992709694
11,47.44059309546318,8.669586473205007
38,47.34165487854435,8.668626148893134
42,47.34074144857533,8.669928460286751
20,47.38209595124486,8.672208403792505
33,47.386620760304304,8.669664119960048
0,47.3847938866346,8.672270861544838
5,47.42257888265271,8.671820850848324
18,47.42616194014618,8.67322934276808
35,47.430658434485224,8.673333615621825
33,47.431571877649056,8.672029162027906
0,47.43335632791468,8.673396187824087
11,47.434269770993374,8.672091669162713
45,47.391074910695814,8.673740923539022
26,47.442335125601396,8.674930386216447
